7381;9497;7633;982;6070;9117;723;8497;99;3227;8485;8417;4271;4251;9505;8062;8866;6933;8461
3548;1880;2277;4916;2185;2449;2828;7446;5674;7794;7517;1441;1340;8141;4330;5194;6844;1726;1727;541;2765;8886
6717;3068;4493;2777;4060;7008;8857;8510;7190;475;1656;7410;400;3676;638;1989;9936
4999;7805;7760;8915;1125;6081;6370;9913;8085;2699;3994;4479;4481;4366;9041
4203;4149;4835;9036;1285;1813;1006;2293;8640;1964;4398;4420;8268;432;4807;8978;4108;3526;1437;6818
3296;4929;3052;2565;6991;9155;9600;5639;3496;1849;2095;2112;398
3118;8566;6402;120;1208;2971;710;4810;7025;3812;5114;8029;5400;8514;6685;2235;9619;1159;6056;7141
8859;3567;4626;5797;2363;4022;2502;8331;7220;3073;9329;8791;6400;3848;2810;3307
4506;75;7781;7568;7904;5039;1739;1032;9842;7071;3368;2609;1767;6603;9752;9679;5849
4156;6308;4519;2520;966;9100;7916;7917;1201;6268;2011;9871;6748;5384;5681;2035;5230
2460;6662;8883;7128;1864;5036;4632;8741;6046;3211;1512;9895;2069;6052;923;3380;775;5346;3987
4606;2043;892;9215;1903;5520;5750;8994;8765;9384;3611;2616;6488;4744;1123;1342;1024;3180;9862;4347
569;3493;7030;3841;8574;3343;9789;6222;7195;2745;3066;9697;2781;3256;1644;5132;1760;6804;4599;6427;2743;4483
9010;1461;9765;8395;4303;4362;6088;6710;5146;6592;7399;9082;4941;788;2800;9095;598;8962
8360;1733;7850;4127;5943;3454;4007;5684;8130;4110;5996;4848;1375;8418;9565;8350;9151;650;696;3251
7452;143;8182;4359;7274;8174;1855;6361;2630;9301;5748;1728;8375;8658;7258;3057;8466;9644
9404;6902;1699;8343;7138;392;458;3375;3988;2022;3171;8995;9158;9568;3479;1008;6089;7385;9287;2341;6338;869;1553
2270;9589;72;3575;4789;6121;2101;5903;6613;2796;8292;2278;7341;533;5405
9539;7921;6727;3492;4895;3859;3301;6836;636;8538;6324;8393;376;4048;6221;236;3200;240;1912
1605;3625;1952;8609;1931;1661;2954;8839;3394;212;558;6220;24;9267;7602;116;7430;6325;3466;2071;6759;6331;4248;5332;6791
6661;162;4766;1218;7942;3612;6528;5735;7950;1212;1290;1879;5330;5808;941;4258;8893;3535;9149;7203;2537
4534;5670;175;9509;2491;1072;9243;4356;1525;2703;149;1458;4574;8861;1433;9162;3836;984;290;8560;1497
4503;7884;7124;1447;7042;5068;1292;3510;5538;3637;1373;7200;9921;2907;2938;8173;4137
8165;8221;790;1945;325;2148;826;7182;1419;973;3576;148;5139;3279;2932;7278;6030;8443
6208;1104;4961;5573;6556;6230;8722;4893;4974;3059;8354;1576;5387;1680;7835;7793;4123;2679;4116;9888;7196
2866;9144;8525;2645;8965;6568;6291;6867;5233;2980;7868;9216;9414;2122;6620;3939;8088;9127
4018;669;5196;842;3302;8509;4752;1869;8243;679;233;1173;1129;9923;5212;4227;9396;3146;4188;2772;8955;9672;7822;7290
5554;3283;8462;2983;1966;3635;8614;9025;3983;622;672;5555;521;602;9801;7786;6745;6819;9382;2764
4098;6207;3345;9047;7509;9785;6416;6092;6432;5541;7146;5298;7333;3204;9084;3027;4821;2599;3138;6253;5675;5760;2448;9208
3814;7015;1921;7122;1642;1540;7977;3406;3346;4983;9773;384;9363;9689;3735;3901;9260;4090;2208;3857
6460;4621;6602;4612;2541;2991;7472;9420;5737;5075;3622;4161;8379
564;4525;9975;2143;4745;6195;5756;3201;9271;7419;1969;8265;2707;8860;456
7775;3478;728;436;6337;4440;6513;6389;6970;4417;2689;3569;3133;6105;5970
4564;2963;4150;2515;522;1057;2072;7157;7983;6395;5851;9272;6223
215;8688;4958;8147;1076;1249;738;954;5106;9453;9496;5358;2211;5908;6235;6382;7047;9029;1523;1734
8715;18;8577;3355;1810;621;364;6789;106;2348;2109;5702;9553;1045;8036;3978;7479;6360;2621;9408;7694;2045;5314;7795
5056;731;9015;4364;1906;1842;3117;2948;6676;5794;9673;8716;3536;4223;511;677;8554;4966;7592;6961
9348;2359;2975;7492;259;1991;5242;1628;7655;1597;6492;8405;8929;5938;4325;5786;9429;2976
1432;8619;9793;720;308;824;5066;7409;664;2709;6974;8556;4605;4978;8646;7133;6456;3101;5238
6514;9971;4179;1349;1310;3443;4164;8663;4630;7254;6800;3961;4813;8263;9540;4714;3286;1020
989;5021;7252;345;1039;7246;3012;6949;6638;7666;8550;4467;9139;9776;9427;65
3861;7145;4786;8106;935;1638;3651;729;300;1350;7416;3441;7335;4428;4081;2074;8959;6390;5108;5586;8533
204;115;8448;1149;5584;4216;9798;993;7320;2721;8868;4819;3636;8572;4350;6194;7837;1897;54
419;4136;3111;9725;1329;8887;7661;5506;3358;4510;7231;1038;5111;7918;6806;5057;4672;1940;699;9238;9977;3629;1050
6164;6471;3121;281;3318;3291;4719;4471;304;8195;2795
4567;5434;5731;6472;642;2423;4903;5976;1075;1678;9242;8816;2065;5507;7606;5564;2631;7702;907
7988;3433;6543;880;1247;947;5539;4278;1191;19;4172;8674;6887;1901;1200;7938;9967;9863;8671
7789;4287;6332;4177;8019;5676;7548;3172;8308;1241;7285;6166;5859;768;1395;1575;2427;574;5311
8256;8493;2197;663;5665;2365;5671;7121;5850;5417;2020;5053;4218;446;2421;5386;2779;2987;4833;5865;8809;1506;8961;4246
7249;2899;1591;1284;6992;624;5403;9499;4066;9623;5800;9852;3395;1805;9724
5787;6066;9986;8101;2579;2577;6813;2331;3551;7256;6684;1939;5101;4269;9198;1303;4217;179;3203;803;3519;7542;609
56;5627;1103;362;2657;4213;3845;9303;4633;2010;69;2588;9277;7776;5175;6148;8262;7250;2802;4553
7914;7609;4210;9040;7534;5243;6914;2680;529;5187;4779;1687;8043;8530;7774;3164;6944;2611;718;996
998;9415;5763;5342;3633;8264;5388;5408;7109;8862;1841;5315;3140;420;4608;3706;1326;3943;5462;7876
8618;1793;6136;9073;9299;944;316;3736;3323;2925;3920;5947;1401;4664;823;1604;1046
9769;4047;4473;3095;172;4521;2790;5713;7778;6054;6454;7323;652;3631;6733;8451;3250;7731;8662;7604
3222;8430;9763;2569;597;7783;1364;9907;8217;9733;8271;8365;9341;7630;8641;7441;5409;4229;6786
8552;3976;4545;2884;8239;9614;3297;6739;1025;9758;8694;9832;8945;2695;125;4241;9874;5225;8926;829
6823;2678;4221;382;7704;4187;3912;7287;2245;7528;3874;3840;8207;4597;7468;490;294;7352;5199;3393
1992;9739;3684;4976;3977;5842;6723;9269;6414;9954;7289;1904;8890;8282;3539;972;1539;4703;8339;5718
3523;874;2809;7843;3937;8278;7726;2015;70;5185;55;9245;2710;6298;3583;6709;2178;3740
8056;6441;8212;8880;7997;9945;4406;9028;2527;2357;3660;985
7086;7985;7202;6258;3350;4537;8651;4399;8366;1996;7806;5334;7005;7779;2393;4284;905;4517;7295;3467
8096;6998;8358;6151;1386;8011;1236;4881;1219;7767;579;3427;8783;1558;5079;9994;2821;9663;1328;9781;5236;248
4138;8849;5419;9513;9200;8181;7407;4270;1414;687;6274;9686;2385;519;9740;5745;1168;5742;326
3105;1309;8730;5992;8650;3292;2861;3447;6928;8319;8118;4272;5874;3887;4584
6214;6772;8092;5550;8943;3628;5980;2542;1187;8407;8214;5271;6342;702;4031;6327
7696;7565;297;2833;3152;6548;7986;2880;3442;6394;2113;6024;1158;7375;5168;1838
3477;45;6864;5353;5951;8899;8720;6385;2912;6577;8228;3205;754;2847;1144;5457;7827;1946;8734;715;4655;8134;3819;5471;7877
856;4662;3037;8576;9925;1759;4002;5404;6771;7610;8844;4402;4528;7867;6702;8052;1531;2398;3151;8110
4800;1800;6315;1914;2284;3938;1774;8257;6261;3591;5005;6005;5873;7167;9246;9083;2352;4580;4927;3571;7712;2046
6924;5870;1392;4889;5743;9462;9576;2079;4873;385;3560;9436;5264;368;8502;3843;8477
5484;9759;2049;6852;8075;5413;6312;4939;1436;5624;9797;9452;4563;5247;3936
4111;6779;167;7582;1573;899;7475;4784;4198;4109;6076;9071;6163;1731;5496;7855;5214;2301;3060;1163;8934;2004;5516;5930;2808;3334
7276;6241;5064;1685;7987;7620;7755;1843;5054;5046;8098;1666;3821;8383;7032;9966;2561;6506;6679
8117;850;9674;1074;4112;5270;6065;7981;6874;4201;3726;6064;1179;692;861;5470
3708;2914;2191;9902;9585;1948;3173;6458;1832;3538;5994;2406;3595;6735
9818;3885;1016;2085;2997;920;6270;9074;2383;124;3966;1453;5131;8565;5472;3305;4051;7041
279;7;2309;7864;2203;6683;5124;4415;2286;8693;2746;7515;8922;4491;5941;8611;2333
2729;165;707;6428;1521;5508;7108;7094;5792;2334;7021;703;9928;7853;5824;9762;6938;2477;1511;128
1933;749;190;3699;5163;1210;1761;7758;5495;6190;9593;9492;1171;9146;5402;8931;2913;6780;1962;7523;542;2195;393;9274
50;4871;9080;6552;6830;2479;8589;3255;9511;3765;4924;1617;5286;8597;8124;5431;4341
8666;9609;7566;2841;1035;8392;8170;6964;9186;7813;6597;5692;9335;9608;2174;8086;1960;1073;5570;4351;9467
3608;9516;8778;1886;898;592;6023;6905;6959;2750;3798;1377;7576;9135;6843;6796;9352;7329;6583;2566;3993;3775;1758
4622;2798;8517;8635;200;250;1009;7171;1743;911;9016;8979;5768;8295;1504;7152;3369;657;7487;2434;8155;6139;487;5809;658;8400;7378;9534;8840;1100;4920
1647;4583;6950;1234;740;5215;9147;6217;5025;1456;4762;8532;7814;6750;3847;8594;8072;5062;1909;6617
3672;5122;4102;147;7485;3804;3370;7401;2845;7601;8475;3464;5141;5869;3061;6611;1130;8567;3971;2531
9515;7143;7859;4955;5829;5389;4446;9261;6538;2871;9044;3811;5133;6242
3062;7379;2753;3549;9811;3417;2844;964;9561;9500;5716;2177;7178
1890;732;3832;9846;7845;3246;2437;6873;3783;2088;7400;1192;7693;1390;4184
8159;7001;9746;3774;9164;6102;5579;7035;1291;5841;8913;585;1738;4685;5830;5590;8351;4314;4107;8419
670;1794;5536;4078;2505;7612;4780;9380;9964;7307;9731;4463;407;6834;9177;3;808
4640;536;5906;7982;306;7073;1185;7243;3851;1367;1599;4575;2488;2009;7804;2509;3759;9229;1922;5767;2288;1704
680;5069;3788;7488;5013;4508;4894;7113;7163;3782;4842;9257;8377;4373;7483;9099;835;3224;5844
851;2778;1681;7578;6238;9295;6362;1405;6827;3298;2412;6511;2706;9690;1498;1684;439;1220;3207;428;7034;460;6562;4285
5171;9870;8657;9749;2785;3786;1616;23;8131;229;5714;216;4675;1147;1065;6594;4222;6697;2036;8017
1037;7097;8034;1266;6610;6965;6097;2947;5156;7350;7058;9475;4923;1804;1856;2455;4541;1778;3803;4401;2354;2244;5191;747
9333;6172;8815;449;4628;1256;7347;1296;3021;8486;1829;3243;635;6972;3645;9829;7166;4017;7936;3505;9321
369;74;9512;8190;5198;3154;1193;2108;4850;8812;5581;1515;2153;6406;6449;5901;7221;9983;9823;2490
8091;2104;2220;2367;1393;4375;7965;442;7018;5316;9226;1522;5294;337;1288;8520;2131;9899;7137;4394;9409
7127;6276;5084;581;2839;9088;6183;2523;4726;5967;1157;4758;1888;2019;5925;2969;3766
4663;2496;3589;3024;8850;9588;3281;473;5805;1740;5986;9294;7720;3588;6700
8504;3876;2124;6558;1308;4151;8918;7963;9591;6523;8463;2372;8557
3587;5578;2711;8063;6419;7537;7056;3540;4996;422;4546;4699;8326;1513;7554;9483;3659;9940;5862;5041;9256;612;8712
7380;5997;1442;5699;5099;247;9657;1530;4434;2968;1081;66;7477;5948;1254;5744;2633;3664;5861;1750
3199;5872;1968;3402;6250;5382;6939;6509;1867;2658;5216;5569;7738;8454;8054;8892;1019;6267
8914;3185;1920;4370;5169;127;6927;8973;8804;8081;2789;5638;4502;4008;1274;5253;2902;4704;8328;6497
2436;5376;4930;8851;6682;3609;600;4470;5527;4523;509;786;5040;8313;6954;6652;213;614;1601;6387;7634;659;3344;520
7931;168;9124;6169;9612;7589;4637;2442;6957;8794;8971;958;68;2698;8140;2001;9958;1086
2318;7009;4283;1031;7051;8908;8757;3160;7887;8187;5349;2168;9339;9506;9448;6636;8105;501;4267;3749;7703
6405;822;8664;926;5371;1675;8498;8285;5919;394;5045;3753
1279;5292;8333;8103;4654;7072;7658;6814;7619;1372;909;9889;7549;5357;2712;350;6618;8107
9038;2091;2792;8437;910;7405;1965;7801;4557;6209;3488;8439;1113;4310;7707;2376;1556;961;9417;5461;7211;4327;9813
2625;2564;1468;8806;3490;6517;7311;9314;8007;616;8801;6861;1771;5978;4653;8238;7529;6541;52;1116
4855;7947;7337;7512;774;7530;5407;3311;527;138;7376;9949;79;2425;3044;3688;3693;5931;4454
3107;9602;5151;4638;2213;7186;7591;6635;9882;8015;7811;4380;9282;3055;7880;6619;7989;7682
4772;8739;7503;6951;2696;610;5759;2317;6188;3309;7700;7103;4698;8368;943;8158;9671;4536
6722;235;8024;5956;7022;135;6977;8382;9191;9103;1735;7498;6502;889
5989;4765;31;7363;6279;8988;4475;3614;5628;3668;9255;5318;9027;2591;4648;2097;5178;3330;9020;6175;7114;4817;7791;4062
1466;2702;5813;359;4240;3615;6256;6828;6792;879;7558;2503;640;6677;9118;5354;3906;4700;2048;6457
1298;5118;8363;3465;8041;9107;6094;5709;4942;312;873;9560;6037;4914;2193;49;8731;7727;8605;9332;5042;8084;5921;6895
6510;9163;4004;5149;9386;7690;987;3215;4293;2228;6855;9006;9578;5658;7411;4338;2692;9190
1707;391;9445;500;9734;9461;1476;5023;427;3007;6544;5127;9684;971;5730;6433;1443;4259;5913;9432;1177;6865
7897;7339;2343;1273;2643;3267;3348;3359;2985;3864;8695;2755;4570;3087;2830;1261;8701;9915;1121;4733;2791;7831;8321;1235
7219;7800;6368;410;4960;4768;5177;277;1580;9059;3431;5900;5568;4507;8359;22;2444
3069;7848;3327;4404;3705;4193;1492;7980;8777;6539;4980;3795;8004;286;3079;9313;2170
1477;3253;7893;4437;3624;4100;5599;8100;3324;5096;8667;9069;4096;4866;5481;930;2118;3879;3958;1572;340;1951;6093
8374;9383;745;4390;3461;6754;2873;6942;9392;7643;7544;6156;1958;8602
6225;9664;424;3194;4801;3266;7088;7797;6788;6870;7838;34;448;8330;7279;6681;9252;2573;3825;8907
3335;6547;1569;2247;5729;4468;584;4135;6168;4484;1659;3875;5060;6629
443;2155;9394;2646;9843;2684;1360;7504;5458;6254;2714;5087;3763;9946;6215;6706;137;7134;9204;9999;9361;9189;8039;3533
5466;5381;1196;5783;6518;1450;4756;3593;5793;4604;7733;4261;8042;681;1987;1930;2229;7978
4971;2519;1673;6526;5092;1381;9541;8749;2430;857;6885;5411;223;9141;3794;5415;651
5274;3730;4742;9837;2125;8817;2576;3787;1658;136;6670;9183;580;4001;1641;9840;1376;673;3310;8986;8539
1141;7169;3584;6688;2727;4953;9963;9063;7871;4883;2869;4954;2196;6146;5299;9529;1885;1923
3188;5251;1592;1529;3572;8505;9351;8206;3376;9456;9487;1876
3426;7595;4277;6916;9241;3968;5322;4186;9646;4376;7671;1797;4988;2964;9743
9796;6252;6;6923;5269;8254;60;9555;2815;311;4324;8006;4065;1331;4830;3319;7444
5640;7232;2762;4105;6233;1215;9716;8748;6036;6978;2350;5542;8307;3555;7508;2962;7739;2454;1101
7908;1095;1803;7646;4837;4859;5690;6996;5166;8197;6913;9989;2464;8993;7131;6955;7271;4148;9723;632;8275
5483;8888;2978;6573;7026;3457;1970;2246;9411;2105;7454;9916;2797;9942;518;3734;4308;6281
1709;2375;8459;4215;2557;9857;3415;4527;3042;4847;8235;975;7150;4948;8799;9048
6116;7029;1490;5899;1343;6341;8076;9407;5685;5688;9356;3159;5370;3650;9961;7115;5920;1915;3653
6576;6705;4003;7206;6329;2380;5188;5015;9703;4651;3962;2993;6857;8484;5296;772;7383;7255;9601;1884;6811
4769;51;6850;2826;2360;8087;3015;7230;6174;6500;9108;7652;160;9176;6993;7372
358;9153;6205;8909;2494;7424;2250;875;532;485;5535;2578
1723;4168;3662;4774;5449;20;7881;6775;3954;7888;4317;1607;3361;6911;4093;1703;2215;9239;4255;6264
5487;5503;2227;2349;9159;377;6917;3562;1335;4247;8120;5377;6651;4113;3896;1891;2047;5252;8865;755;3737
5290;6375;5398;4030;2624;8678;9774;9729;2181;9217;7583;9858;4989;9005;7533;8634;5995;9312
9298;1268;8169;224;6798;9527;4588;5351;4106;5528;7314;2700;8518;6029;4339;7675;7819;1301;6640;5249;6114;8561;6729
2928;1544;6001;4677;8987;1624;9444;5972;8426;553;4403;4207;7698;2972;5352;782;9912;7705;2016;3401;2379;2192
8668;2128;2480;3416;5526;1822;716;724;8132;276;1440;5720;867;328;2158
4041;5490;8033;5504;1850;2057;919;4294;8373;4840;2656;3914;6598;7958;6234;274;2650;5455;9694;5179;9532
8398;1729;7747;5058;6810;313;6349;4477;3854;5915;6899;5831;134;6367;1485;5006;5451;3931;1027;7273;7623;2906;8068
630;9;8578;5654;3869;5580;1609;3280;3909;5789;7359;9610;9841;7227;3752;3189;7631
38;5014;9093;5619;4695;185;8895;3721;2602;2470;4791;2130;1336;4645;3264
5043;1986;9367;8743;210;6302;2052;8709;4274;8051;5825;9102
6142;3552;2188;4919;1549;6357;9747;3001;3858;1667;8104;2840;8710;408;8925;8335
3339;662;1028;8610;8255;339;4335;7455;8858;9455;4712;7895;3959;3824;6326;9234
469;7798;4625;8810;8788;4238;2732;3127;9880;7216;4743;7466;8653;2440;9327
252;4173;7759;2068;6569;5447;7007;7608;1287;1795;8951;7725;8487;955;2675;4657;2042;7292;8179;5703;2543
1491;9761;2482;4851;8432;6976;2249;6032;977;4043;2863;7970;6757;5452;32;6550;9772;1653
9678;784;4120;4614;257;8149;5372;9756;182;5892;4696;5126;7129;4281;8342;8442;6320;4650;4312
7511;2715;5896;2596;1848;7356;6157;7111;4998;9254;8122;7421;5047;6321;208;7761;4646;5601
4581;8585;8113;9709;3678;4868;1202;3898;7235;5952;3895;9446;5912;6489;7790;8252;5300;2530;2044
3383;5537;8069;5889;3008;6741;5161;4865;1474;1460;8312;8531;156;9079;6131;3996;483;9196
1634;1469;9021;2485;6560;2601;3017;8763;8245;4139;6756;6251;8318;14;1096;6017;5007;1251;6782
8935;8489;2940;8168;5780;2242;1600;4391;104;3689;3484;3654;4555;4724;7334;4170;2133;6878;3191;8125;5966;5963;7091
397;4118;3258;3601;241;1126;5991;6124;9007;1623;9536;8967;8524;5979;6746;3543;872;6098;155;6226;7037
7882;5223;649;7556;6563;3002;8260;1954;2435;1950;9510;2000;9525;5615;1465;298;7636;8940;5319;3544;4666;8040;2325
4077;9626;928;2834;5660;2126;8735;8300;7869;9780;3703;2835;3210;2274;5695;2892;2782;5613;8090
7388;7318;5154;7326;8905;8077;8166;6758;9775;2404;6762;5135;9130;2788;3262;8764;8601;1305;6588;5622
4426;4023;2518;3724;7012;9385;8628;2681;9263;6530;3045
2492;5340;921;5771;3680;1231;3136;254;2740;2662;4532;698;2608;8952;3463;2199;6376;3808;7532;5165;2784;9065;8470
8490;4292;6004;4368;5856;792;6467;6134;6371;2330;4877
9900;86;5032;7768;348;1949;9939;2159;1496;4132;7084;725;6350;6388;1384;1293;1417;2484
9854;6755;655;2672;310;2724;6519;8349;1568;4056;1516;4242;28;8057;4668;6111
561;9554;8766;3997;1454;8291;4497;8237;5197;4841;5722;2911;9632;917;2683;9304;9950
7371;4323;4846;6068;8932;1229;2176;2308;1852;608;4083;2733
5982;8916;7403;4975;9471;9957;196;3254;2023;940;3965;6674;2;2758;5368;8792;9783;186;4543;1860;7261;9727;1779
4408;8394;5284;3697;4753;1808;3793;7081;4822;7360;6572;3739;9369
2461;472;2238;855;1981;9087;8629;7286;6062;3835;2073;756;4212;6404;8835;3131;7723;9655;4266;9202;2862
9225;7489;7064;111;9599;8654;3116;6898;8248;8320;5801;6061;2512;6936;2212;7418;491
2373;7465;3274;779;9465;2897;2283;4921;6504;5024;8948;9066;3176;2606;6963;8738;1278;7603;5977;4206;291;8721
7247;7536;2804;8456;1839;264;1819;7577;1250;4169;641;5827;2243;3639;1428;8992;2345
8837;486;567;3904;8283;5732;3167;2327;1550;9220;4797;4576;8500;9110;3458;9459;1197;9105
6090;1067;8189;4496;4033;1111;7596;3691;9730;8896;7501;3126;7386;482;1429;4803;8364;4609;336;4443;4159;4540;9830;154
3829;8112;586;2838;2146;7953;5637;3822;7524;9956
5190;1289;7063;496;9322;4385;1407;6165;967;2416;8586;742;5333;6202;6795;7324
3322;8137;7062;8570;327;2478;6534;6210;8276;97;2475;151;7433;7832;3711;4665;2864;1765
836;5237;6770;6527;6622;2562;5180;2642;7343;7460;76
3475;3746;2414;5890;1286;6149;878;5117;7065;8829;7799;7944;2939;1534;3892;9230;508;9897;8194;8404;6239
978;2950;8555;5224;693;2640;6069;6203;8631;7484;7451;6297;1052;4070;5486;3507;924;577
8938;896;1435;1299;7346;9346;5755;5835;5606;4526;3849;3277;968;8191;9122;1593;3881;4533;3867;7293
9435;499;764;830;3667;9750;3023;8669;2756;7209;2970;2634;1341;4603;3474;6335;9154;9488;5288
9557;2896;8209;8591;2811;1751;4194;2233;7442;798;6671;3700;5222;7090;827;8774;3365;8717;7459;7697;5571
7935;7870;7555;2718;440;1462;5207;8790;6463;5621;1120;9955;7248;1756;1304
2952;5229;9501;796;4438;6764;7482;3528;1194;6319;1775
7510;2961;844;8564;9993;2226;3799;4469;6561;5724;6516;7984;5077;9201;1698;9203;9086;6846;4856;2666
218;690;8253;4321;4049;8917;1230;1315;2200;7296;242;1300;8827
2879;7906;9898;6346;5494;2326;9410;762;2289;6837;7044;6284;4381;1541;9992;6875;7104
2720;5820;6647;5454;8406;7144;4378;9755;1244;8423;3308;7715;1133;7260;6912;9018;90;8064;8699;5202
6311;2761;685;8152;1213;7149;1327;4937;575;6231;3842;3430;7777;6650;571;6919;4074;6292
9979;1608;9331;132;2593;2737;5219;6176;3872;2025;6817;1026;4094;8094;2452;7253;1059;1706;1252;1041;387;9625;244;7823;3381;2852
2089;758;8138;1166;5344;7821;1560;6204;3722;1354;9629;3557;7187;8447;1176;1322;6307;6778;8711;2038;7397;2965
4319;287;2995;3221;9278;7737;5158;3413;7730;7833;8441;9495;4117;2207;6392;5814;1240
2018;619;13;7952;3076;9855;927;3169;7638;6421;7181;5138;9624;237;4425;5840;1551;9433;1796;3378;4175;8163
9922;8032;1370;8696;7348;783;9998;6038;2314;9611;9316;2955;8990;3597;6751;7010;5399;3957;6110;4986;736;8250;1356;8139
6532;378;8625;2013;3054;2256;6087;5061;1459;1979;7891;3701;9248;2487;7275;2319;37;4005;4042;7085
9927;605;9209;2214;4781;3241;3927;1135;8367;761;6306;7535;9309;7172;9745;8607;1493;5234;8479;2774
3400;7829;6300;8608;9121;2953;177;3702;6922;2356;1983;1420
4334;2592;7642;2209;3741;9728;9581;2842;1836;3282;3542
6856;7210;8388;813;7387;2881;1792;5097;8599;9494;2096;8842;193;9129;5826;3807;2384;3418;5626;5822;5689;7684;7222
8684;9522;1752;1633;8047;3039;9751;4224;8941;9742;1737;1715;2890;1509;8855;4367
4444;9403;3260;5418;3899;5049;8224;7597;8526;4441;6249;8828;8660;4869;5691;7879;2516;560;3006
8826;3033;8259;2652;5369;8121;4610;3952;2292;6006;8852;5605;1533;7077;3918;7751;6429;8753;1823
2673;4815;7198;5807;6890;3772;4456;9668;6784;6171;1351;3083;8559;818;2535;2033
8963;7031;1237;6115;9096;7391;1339;347;7474;2690;820;7605;946;9764;8670;7802;1471;1481
8760;1452;5028;8175;1282;4565;6579;2171;2507;1652;4615;4880;9045;58;2474;3524;7398;5026;8449;7743;5355;9390
5877;6487;7040;2915;9917;7299;990;4552;8776;2943;3088;3321;2853;1552;8623;2654;8996;2582;751;3698;9613;3090;95;7570;372;4717;1091
2629;7223;7107;1943;9883;9440;5432;912;2499;77;452;5971;5437;7262;6747
6170;6152;1748;4679;5018;8823;2051;2941;199;214;999;9556;9449;2029;4073
8204;2210;8021;5560;4682;6690;4823;5585;6910;4080;1044;3067;5010;3218;629;5129;8949;1382;1238
5611;474;92;6125;6841;1002;4857;2617;6872;837;3103;2988;6649;4465;3468;8818;5255;62;5;6802;67
1410;6201;9911;21;7002;1264;8474;8167;2977;6186;7437;8401;390;3347;2610;1418;9012;2500;7539;8111
1762;2551;6143;192;6224;6761;36;1169;8942;9379;6386;9125;3362;5280;639;3727;352;9849
7934;5987;6118;1118;8587;4566;6436;3293;552;9306;4709;4984;2568;8745;4885;4431;5733;6424;454;568;9738;887;6794
2056;2066;6155;7480;5083;1007;4727;6328;7590;4631;9665;6344;444;7288;3206;5256
3134;804;2725;4015;870;7033;1117;3902;4548;8752;2882;4732;9659;5917;4499;2996;893;2446;5394;5465;5839;4086;9142
8872;6260;5113;4279;9422;6150;4396;7272;3075;6637;525;10001;5065;6982;478;9502
6314;4211;7396;1243;6007;7327;7093;8645;3618;2614;5291;7283;1944;5884;9834;1610;9128;8123;8023;1559;8356
6283;7328;9634;9552;1137;1975;6484;4860;7365;7792;6707;3833;8060;5672;5433;6099;3289;7110;2415;6894
4099;2459;9237;1526;7772;6011;9973;1004;7162;6369;3785;6294;2966;9441;9413;3547;1643;1993;9707
3028;4827;5740;6192;1598;7680;1858;9519;539;284;735;3226;5184;8240;9180;8689;1571;8473;5440;1874
6909;9708;789;5773;1682;4315;7048;2824;9736;8508;7139;5374;8811;6443;5728;1589;4623;3379;8129;8515;6051;6596
6694;7614;8744;3922;1619;8939;4226;318;1105;6664;189;4812;1317;2665;7038;5834;7865;9466;3486;637;8327;5123;2748;1806;801;686;1932
271;4618;8795;3750;6431;1313;4694;565;5426;2115;6262;2843;9178;6783;9924;133;5738;4019;6401
5552;9365;4673;5953;198;6884;1668;4141;380;8055;9768;3122;8290;2600;2103;5657;8527;8881
6245;6908;8488;130;9206;4387;1783;8455;3163;6141;3934;3506;6482;8288;81;5420;4667;2894;9937;7075;5518
8220;3482;225;9323;913;1639;7153;965;174;5239;1467;1999;695;379;1239;1363;2260;6871;2111;1519;5339;8065;3190;1071;4034;3582;5687;1077;4304;4831
480;3908;667;3732;9231;8323;1657;9643;3273;43;2990;5739;1221;544;8414;1640;3882;9972
4660;6626;7812;9845;6582;7710;9523;5790;8683;4674;1514;6189;6669;7901;4511;9787;231;5863;6809
7543;7306;5705;9140;6353;1957;7840;4089;3051;4870;5895;2974;6540;5962;2364;6417;6133;2092;6584
3270;8208;3743;8927;4845;9642;1396;2080;2730;342;5633;2050;9240;5574;3781;2513;273;3233;6272;3690;4676
4656;3364;6490;9637;4447;7201;7140;2340;6801;1411;3377;1645;5383;8074;730;8044;5679;3290;1938;8507
7846;8616;566;3029;4959;9161;5430;3438;8010;5183;2763;2901;8219;7874;5517;556;800;7594;4683;6075;8310
1207;817;589;7054;5307;9985;9317;46;4305;1663;4901;1570;9372;3405;6937;426;3414
7277;9188;4478;8324;2859;9514;5924;8704;7068;1732;675;8977;8853;3916;9567;3436;375
7500;6373;183;3020;7564;6984;1000;4593;625;5661;9544;2848;3072;7102;6760;4257;6459;4464;4053;8133;833;5649
405;4820;3710;3550;1188;2807;5505;6851;6396;9551;1470;4419;900;9677;7185;9721;5596;6470;5937;9366;2563;1873
8796;2117;6041;942;7919;5648;2391;4572;3179;3809;4040;4162;2353;9861;7817;1518;2099;5821;6379;4995;7708;633;2813;5604;11
2812;6055;4000;7194;8906;6736;9145;5791;3893;1555;5220;700;2263;6286
9603;1365;7752;1866;7866;9199;5876;3357;4550;1248
8296;2929;6020;1425;7744;8998;1894;8762;1122;9249;2909;5918;8867;4302;8302;9658;671;389;7045;780
6447;2236;3503;4544;3356;5143;9754;7281;876;8304;4298;7883;2979;2497;2522;2320;7282;4629;1170
1082;7176;5909;7559;7098;5635;8161;2031;6842;1508;4908;396;7208;3992;8808;9076;8910;321
4816;5145;2039;3511;1348;88;9221;8706;9399;2984;2086;6049;3627;8035;7390;1941;8178;7188;4716;6412
7948;3933;7358;1010;7233;1694;8482;6288;6990;2144;2271;3030;4844;346;4669;5295;3947;6083;7607
6931;2458;2827;6555;3905;2669;3341;6536;8665;9431;1080;643;6112
2337;2876;2648;613;6078;7757;6564;2651;8997;6703;865;4945;2851;2559;4560;6521;9185;2370;8558;4678;9319;5647
743;7236;4691;4741;453;9648;4838;7991;814;1124;5276;9213;701;6623;8095;7175;4595
515;8755;1744;5201;4046;1809;2006;9019;5246;1564;3935;4059;8192;5416;3269;4681;9638;1358;2261
1781;5973;694;4079;7940;8380;8378;8478;4382;922;2615;7053;1755;2141;5309;6437;2628;8779
6832;877;6451;1127;9156;209;1115;1827;435;6797;8012;1924;2139;7374;2378;2161;7749;8471
7724;3894;5031;3972;684;8301;7207;2312;9699;9283;8205;1863;8946;2110;1319
7502;1068;5004;868;3168;1245;2738;4773;9795;8420;1959;3115;9222;2554;9085;1716;6167;8864;6309
3386;534;8079;7557;3579;7463;4472;1581;9856;991;8960;3967;2816;4273;145;4097;9008;2926;4067;1330
7841;606;5228;3078;8384;1132;9030;9770;6997;2549;5832;3527;6879;3193;992;753
2466;5818;2521;2346;2921;12;5148;3873;2182;9530;4520;191;5553;8322;4771;3387;4643;6848
1198;8201;2886;524;769;219;809;6876;5331;2754;7780;2992;3483;2201;361;997;6820;8344
4158;6273;7217;6352;5655;9259;6967;4910;7215;1088;6462;2186;9062;9406;8434;57;1092;3813;722
5396;1602;666;117;4956;1713;9622;6173;6191;8431;4720;8164;4852;5155;7941;7204;3559
7719;3331;9906;6336;2222;4644;1925;4219;9482;2338;2254;8885;1929;2533;2528;3230;5279;1015;4036;7902
5754;7432;5115;6280;6958;7531;6948;3285;8503;3815;8848;5093;3183;512;5468;3216;8317;9864;8714
6138;8371;689;6415;8050;6648;5620;4551;6275;5907;5893;1003;6853;6435;9607;3165;4055;4180;6628;2307
8229;5479;8153;9545;8467;2801;8882;1674;9683;8251;705;2021;4088;3998;6624;2206;6962;1590;3142;5499;7151;6073;3605;266;455;468
2850;5932;1216;2986;7677;7639;9210;8786;9890;3248;6524;9850;7756;3673
7316;1489;7599;3325;5867;7979;6351;5766;7457;5680;9640;3384;1283;4233;4400;6363;2677;8480;9799
2949;8891;9558;9575;8545;1107;1306;4882;6313;3989;402;9564;4601;4899;8740;5698;9244;4035;7060;2856
3077;8937;7074;2870;7787;2282;6440;1269;9194;1753;5612;1934;7945;3014;3756;4746;1557;112;7886;7900;2998;1280
4032;3300;2082;3863;6022;3064;3674;1882;91;5477;2224;320;3792;1165;5779;2660;8280;5063
7464;5328;9767;47;9469;4486;6608;3755;9710;4405;2787;2793;9464;840;3666;3513;471
5192;4764;2694;8315;6072;4413;7839;3525;5910;5837;653;1223;9219;5356;6615;5727
3671;8273;5625;7913;7402;5361;8982;2190;9884;6781;3616;9984;8724;8244;6920;2937;9566;3719;3776
8066;8736;717;3944;8919;5267;3497;843;9064;3852;8912;9288;9286;9896;674;3846;3714
8284;2829;8390;5081;4115;4702;5524;8950;4157;805;5594;5263;849
7960;4749;4928;9376;1510;7688;6391;6570;94;5753;3499;3097;4487;5888;7213;3888;9604;4249;6821;3610
5546;6600;6983;4577;8824;9424;7896;8053;3502;6567;4289;5360
6774;1232;937;8768;1184;1700;6442;4174;404;7826;3886;2067;5609;6654;3949;7317;906;9375;767;2465;4064;9498
6334;295;8038;9537;4950;4788;7872;8676;9091;9397;2887;5725;1594;2172;3981;6196;4809
3005;7618;8186;4085;4190;2653;6525;239;3489;6027;3013;6050;8686;7443;9247;3494;9338;1014;9293
5677;7687;6847;6491;2198;9563;562;5659;5378;5164;2691;2693;4970;4181;1366;1029;3950;6995;7395;2641;3738;819;3900
5460;661;9980;6095;847;1881;2632;7087;9013;5051;6971;9976;2218;3009;8421;349;100;2483;1535
6718;8675;2854;7929;708;1224;399;1711;431;2536;1206;8822;6968;4792;9193;8492;4021;9825;6609
9938;4627;3767;6397;8800;5819;3487;4513;3592;8571;2142;3053;4917;1186;8673;6103;7049;7860;7351;5653
3469;7439;503;7885;8549;5379;9943;7170;1387;2956;8387;3663;6737;4462;882;6448
8396;6409;9562;9195;3986;96;4125;7899;6455;1424;6692;9919;5128;7574;6627;434;4649;8944;6553
1978;6384;6824;931;9184;7667;4020;5067;1385;7344;760;7061;7123;9859
4747;4969;6498;180;8277;5325;305;8644;1994;3476;5033;778;6418;8198
4231;3652;7932;9421;1705;5810;647;4332;1746;6859;8719;4778;970;7912
7497;727;4642;2825;1355;6585;7861;3850;5923;7481;9075;6084;2898;7406;4951;9437;9803;957;6464;6303;5059;3646
2024;859;1935;2291;3953;9111;7976;1741;9315;7611;7413;4738;6512;4209;9654;570;4692;8833;9959;4582;8584
5898;5130;2147;5435;6469;1152;2945;6244;4449;3723;6182;5211;9265;4886;6633;2567;1720;9273;6542
4460;80;8020;3917;1802;2432;3956;7660;7304;863;226;2916
6452;7126;810;3518;9572;4052;7911;6721;9713;2377;6048;9732;1566;5558;1730;2323;7499;4044;1911;365
5544;1394;8438;5949;1055;6945;7674;278;6355;64;7003;8157;6444;5473;5055;2028;5367;7496
916;5981;366;8874;6039;5260;4500;891;425;3453;886;1614;9685;3437;6882;4453;2481;1586;1788
1112;5297;195;1650;3263;3025;1142;9649;5736;4128;6935;5758;3016;9192;6082;5847
71;3070;238;1672;3681;8261;85;3093;2560;9109;8097;3421;945
6179;1908;9170;7267;9549;3455;3926;7218;5116;5380;6614;7447;2511;1859;8506;201;4050;8067;4313;4512;3162
4600;4982;7297;1953;4245;8729;6123;2910;2895;8306;5545;6499;545;5650;7959;1108;4750;3144
6481;9822;8622;4232;9636;4176;110;9987;3830;6018;6825;7656;3695;9524;8856;1995;9777;7384;8834
1066;8575;6266;7654;8338;2958;6129;5100;7165;3155;7353;5788;5871;157;6330
7586;6237;4282;2037;9839;9345;7890;207;3630;2757;6282;8620;3313;3641;227;4617;4010;2635;8127;4688;1988
4326;9652;8863;9011;1671;1362;5530;8956;6897;7615;1896;2613;5120;5350;1830;7309
7199;5392;5946;1445;1697;331;6520;2473;7923;7858;2647;5444;6531;317;7382;6113;3391;4371;5048
6366;7662;601;1422;3884;7120;5512;8073;2443;202;2164;719;3220;5293;5497;8222;3617;421;3563;4154;6026
7699;7214;3104;3452;6533;9809;3580;7580;1323;16;7770;6181;5308;7735;746;1337;7663;1151;5608
1702;8687;9152;538;6232;660;7550;146;217;8242;9827;4451;4776;7456;8061;1875;2982;7089
915;9056;1583;9305;3389;3946;1606;6712;8391;7567;1532;4397;8046;1696;417;5803;9696
547;7852;1719;5828;8353;2394;8457;8150;4038;9493;3349;413;1865;3995
6987;6769;8453;2297;9826;5336;4178;3428;9667;1413;6380;9368;4796;3238;1998;795;8083;1712;3110;1895
5667;5261;4183;5701;3372;479;4805;1693;5817;8213;8241;908;8370;5776;7907
2403;8521;9081;3385;1676;962;9838;3878;9633;626;260;6057;465;1548;691;3032;4265;1473;5262
2054;7244;7404;9355;6483;4228;6411;2058;4795;2332;9137;8780;4182;6034;3907;6278;5683;2127;7228;5338;903;8148;7251;9442;9569
3340;9460;4905;821;5936;4340;1547;5209;7745;9358;8615;8289;3655;2405;5482
4328;9480;9393;8116;7949;8871;3924;8329;9804;9995;5897;9276;7116;9814;2342
2258;9353;8902;5035;9046;3779;9457;5905;3910;8416;770;6240;5442;3911;6711;6227;5347;3035;3999;3820;2867
3399;1114;5854;1769;2189;3244;557;9468;3423;3371;7593;5162;463;785;7117;9344;2638;4522;3963;2150;4981;816;1483
1631;6604;4913;974;6726;8836;3019;8728;2942;9675;6969;4902;303;5673;8160;1110;6973;4755;3731
932;3181;4448;9416;9584;7561;6359;8427;8911;7673;8376;9806;933;3602;3225;4076
6607;4940;7579;5529;4944;4235;4352;8656;763;360;4863;9542;9434;6399;9270
617;9914;8102;1985;8756;9978;1061;2388;8345;5614;5749;6316;9443;5782;9819;8529;2114;7422;3109;7438;8294;4770;7951
645;8582;3581;2893;2534;9598;6216;6080;3682;7312;2674;6704;2453;344;2116;3796;7142;1505
7268;7177;3231;4009;2547;6466;4811;7924;9055;4411;9236;7189;2239;7716;3685;6434;8632;7782;4416;9463;5412;6829;4268
5476;6606;108;8346;2055;8058;9300;7732;9032;8183;6358;9520;401;5324;7824;3398;5150;4337;3677;8341;5359
7993;2868;4670;2741;3512;343;9853;7547;8199;3237;119;1423;9847;8772;4804;7266;9836
8698;7070;8151;5074;6578;5485;5326;7039;5510;3649;9318;6079;4979;9173;8989;502
8444;1582;787;1430;1736;9134;4875;2253;8708;9517;272;4904;9918;2431;7621;9618
1316;3473;6477;1784;3709;7915;1311;1815;142;936;8495;7740;6980;9790;9405;2313;6546;5636;3234;8452;3964;5955
3974;4739;7706;153;2081;6926;4711;4256;4690;3565;6612
2883;3561;709;2904;6058;9389;5764;5248;3640;8633;8593;8491;1768;7581;102;4547
7834;8464;3314;9722;357;7764;704;4561;4964;4488;2064;7448;2908;5589;63;4501;4142;150;5812;5799;5277;2546
2667;3245;5456;5159;8661;9133;2433;6086;1404;6013;5112;4013;3128;4607;2832
3517;2392;7415;5029;1905;3805;1487;2070;8362;6014;1040;9477;8446;1749;1900;1438;4990
3409;2298;1714;1138
4225;3751;1840;8025;5152;8357;4705;4647;8798;563;414;953;8425;5125;8621;3228;1708;4121
3692;5050;1917;9224;8898;2450;4793;121;7080;3620;3880;3223;3411;6206;7361;6708;7717;8548;7148;4524
4423;4253;3422;7449;5467;3568;2722;6246;9014;5423;3632;5866;2408;9996;864;6529;9941;5752;8677;309
1754;4759;3081;6465;6883;9150;7676;1898;7469;5266;2967;8563;8361;2552
1691;9412;3354;8126;1635;3192;4594;2799;2335;3948;3112;3242;8128;4785;721;7685;7357;8775;5282;9720
7345;6863;6043;2805;4592;7294;4145;572;1618;2382;3471;9349;302;5425;1180;6426;5686;1333;2822;5121;3388;5565;3229;9816;607
103;6343;9400;2451;5547;299;4598;3058;4445;4234;6833;3504;2007;1164;5965;9881
2438;1976;5774;9053;2402;373;7773;1851;9656;7179;4556;6554;9031;1579;3619;4504
3166;293;5532;2180;4424;8732;7212;8972;7125;3806;1388;5795;2687;6659;2167;2575;5091;8200;9023
6655;9577;194;8933;9550;7330;3758;4236;6946;5603;5397;1588;3425;4728;5778;9778;4320;255;9630;3778;2407;3784;3491;3049;4379
1415;8649;9647;4591;4879;6200;3856;1563;3522;9347;5853;5034;2445;4427;5645;5607;4798;3010;9451
1106;9454;9418;4348;5838;8921;301;4029;6158;9425;2769;1398;628;8031;2739;6213;3303;5459
7903;7681;3553;6675;5715;5602;7092;4372;1058;4092;9324;5088;8403;7635;2299;2401;8135;6838;5562;5864;2468;4414;7527;4775
1480;2094;2671;6866;950;3257;6128;1079;497;5723;2946;535;5327;6732;243;3991;7130;3312;8018;3790;3509;8303;9802;4
1033;1374;4737;5769;7364;888;9037;2934;1140;7291;5337;7082;4025;6574;5557
3932;9419;249;3329;8747;5631;1162;4388;2489;7019;6305;8746;802;5453;5317;4802
4153;2032;268;5618;4130;8723;8876;1562;3272;8445;8928;205;1214;3648;2734;3532;3031;319;253;4353
4494;8784;3951;1190;2875;3198;9205;540;1267;8513;9484;3459;8399;9666;2664;9401;5443;3826;332;3520
8606;5436;7996;2855;3161;1389;9590;2529;1013;2922;4635;588;7954;1846;5390;949;386;5567;48;1352;7156
9741;3574;4542;4936;7785;5312;5960;9808;9508;433;8196;2152;9094;3791;2273;1857;3862;2169
8337;1060;5107;5157;2682;5438;7321;7972;6666;6966;7598;5245;3577;4686;1834;423;7796;265;5704;8223;1042;797;8372;4026;6777
6199;8428;5894;341;2422;1325;4429;3363;2462;523;232;7067;6496;4931;6265;7476;3643;4296;2012;6740;4967;374;901;5772
2290;2731;2100;1500;3287;2027;7969;8968;2752;3096;4490;4985;5410;1621;1182
9490;4360;4389;791;4195;9737;5232;7180;2555;1527;9167;9447;2420;894;871;494;5136;8232;4126;4214;3769;858
30;852;2759;9334;5090;3679;3657;4024;5258;5441;6180;6040;2935;9687;3877;9026;6793
5682;2216;1537;6549;5200;9330;7836;4861;1798;6862;2587;8287;7423;1294;1499;6446;4531;5572;8648;5719;8702;9660;3853;1543;9476;2300;8215
2823;2241;828;3501;7939;3472;3761;9812;6162;8903;8789;7585;5563;713;9970;3696;3707;3177;4760;7505;9438;1228
7100;1001;6393;406;1816;8598;7957;5515;8884;4862;6714;969;7926;983;2637;2924;3915;9693;8188;8410
9583;7101;6672;6839;9627;8553;5172;3985;1814;1265;1263;3604;1361;8814;9929;9171;2865
4505;2697;2303;9894;3412;4731;9067;5017;3451;4204;1380;6886;270;4992;7927;6295
2604;1175;3390;4068;6678;7734;6317;7878;4345;2905;4994;604;4297;9113;7563;3448;8930;292;7651;5501;2776;1585
3777;8751;2205;9953;9873;576;7854;4906;1150;9784;7434;5556;3099;333;8172;668;2783;296
7269;504;6493;9521;7265;3837;5469;6605;2187;5086;2034;367;682;4361;8562;9138;7016;8436;8082
5543;4530;8501;4715;8386;4890;7197;5999;131;7784;9879;1324;6104;8820;2265;41;9179;9848;1887;7640;9320;7205;256
5961;3529;1320;1689;5644;2768;9831;1189;1097;1183;9388;447;980;9605;3599;9232;7857;2918;4016
4689;4559;9621;7135;2584;5475;2156;1338;3130;4290;9264;6144;2078;2951
7305;144;2553;6122;3930;9571;1226;4957;4761;2075;1495;8279;9357;3919;2931;9833;1868;5019
6407;5582;7478;3214;3440;6372;289;1174;2324;9211;3137;7310;9458;4311;4250;7920;8045;4054
4706;8604;2655;6420;1383;2183;1826;1520;8980;6537;3642;8534
9951;2685;3446;5089;4374;8171;7807;221;2194;1368;3098;9757;8705;771
4578;6271;492;759;1034;5493;7059;8981;2163;6790;7691;885;3817;5182;8481;2589;3404;1345;6184;7679;8003;1203;8429;222;3450;2726;6117;1400
4516;2532;8718;1889;3827;7632;6808;4836;2539;5285;2173;8547;4485;8825;7518;4191;3590;5934;3470;7486
7024;1626;7462;9310;5310;6494;6091;3462;1503;4386;7238;6479;9002;1312;3683;9807;4965;8048
4535;646;9281;2252;9944;1434;4596;6310;1799;4442;3259;1683;6323;4104;7573;8177;2120
6925;5206;7572;1757;9160;6445;6063;9228;3156;7095;5022;4028;6031;7431;2766
7319;5446;8014;1494;615;5044;9350;3789;5474;2626;184;2387;6211;4166;8936;1222;777;976;3157;3773;4069;6333;1448;9615
7820;9719;9988;330;8397;6575;8049;4718;1807;5002;1439;7828;1146;2061;9791;5498;4571;1098;9000;9504;2417;5575
4384;7506;4489;164;5395;514;2076;9132;7669;1455;1195;6580;9779;3141;7928;1977;5003
9653;4358;1153;4155;5588;9098;6644;7711;8001;2362;2999;3120;1012;7020;6743;1271;9595;4220;4935;5140;4260;7626
7014;2649;1276;8544;1464;5037;1817;1936;1255;9991;9526;3089;6940;6840;6571;757;4973
7992;9531;4658;8089;6589;914;1620;4014;9548;6999;9682;5227;2622;1451;10;8821;6108;6730;493;3570
4652;4208;537;9354;1084;6646;5885;5757;3306;2885;1295;2410;6147;3984;8114
2368;6100;5450;2165;5561;171;459;9251;6505;5016;8612;8803;3871;7050;9060
4492;3217;4818;2119;7713;5693;246;596;9473;7844;6475;860;1069;4943;2623;5502;2077
918;8877;7453;9050;6212;2572;178;3913;2944;5929;4730;3219;2849;4363;528;3139;2981;7155;7302;8690;7161;959;8832;6012
7412;6345;5806;5721;4300;2381;7588;5833;6507;5945;7303;1893;2820;8700;8156;9291;6453;2040;6229;2708;3534;737
7158;2471;2351;7028;1710;1457;6701;6559;8773;283;7541;1577;7999;4710;363;5595;6257;7968;5176;5052;4602
4839;9844;8904;8991;3252;1554;2276;815;3929;9651;7192;7894;6858;1332;5566;726;7519;6293;8522;9042;3647;5777;9606;9450;9701;3606
5531;8325;4589;3546;8924;5427;3891;6486;1064;9901;2514;8440;3514
9284;9340;9175;8311;2396;7105;2903;4909;8336;3928;8813;7369;6915;543;4307;513;7692
9262;1844;6868;7889;4661;3621;2225;7648;3003;6621;430;8691;4072;5513;8411;8142
489;3011;2831;7300;7551;8408;4884;1845;8787;44;2361;6845;2775;5109;5540;5259;6667;5796;173;9782;1083;4346
2819;8782;2923;4114;6296;7657;395;8369;7625;3940;1314;9070;654;2878;4243;9877;9869;510;2716
3521;1131;4708;3530;8422;6381;1047;9398;7990;7689;1546;1421;1502;3304;1399;9296;1660;2525
4430;648;87;5463;2728;2231;5320;9218;5491;4748;1630;5429;2138
6695;8843;2770;6689;5011;627;4288;3566;5525;6135;4799;5785;5662;3320;9766;4291;9207;6639
5939;1043;7766;3403;9691;5534;7428;6903;5968;5576;7971;5076;981;8546;8655;351;7892;3712;7637;5078;355;9092;7373;9373;4740;7408;9307
4993;93;9337;6545;1651;1321;6744;4075;8638;7119;3275;2930;8385;1090;4926;3600
4275;3975;8028;7650;9165;952;9934;5362;7810;2639;9628;6019;3675;1780;3554;409;4395;4829;2806;3106
211;2358;2389;1980;9235;986;8659;3150;2498;6880;4466;8947;3420;4933;4721;1486;6591
3213;5000;2742;8511;114;9112;9058;8435;8838;5784;3573;806;939;8180;2316;2836;7136;2344;7112;3170
7955;438;5509;9704;3669;7057;7622;6468;6301;4898;6053;6881;7862;9253;2814;4783;4509;7429;4949;7354
7587;6557;4280;4185;2347;6501;498;27;5521;1233;338;6033;7875;1646;2749;8424
1217;7183;8726;7672;5401;9920;951;6413;4237;5762;1972;1484;8595;9174;5632;4693;825;7788;3480;7808;8070
734;1688;9748;8119;549;8099;4027;1402;7721;4962;6720;8889;2670;4143;7013;5922;4262;9948
6159;1036;1916;1721;334;4037;4787;4707;2447;1085;415;9115;9586;4244;6425;5073;8626;8009;9136;7613;1259
2571;8316;1982;590;6657;4620;9886;9166;9430;8059;5343;594;418;2493;1102;3113;5421;3897;6901;4554;3960
6921;6663;7966;245;1427;6000;5080;6699;1426;3586;8528;4336;5203;6630;33;2285
7389;9474;1160;4867;2860;3970;7552;6673;8483;5668;1612;4239;3132;3762;2315;1745;4091;6101;811
2217;1627;9489;3801;89;7683;3082;5707;383;6140;461;3720;1062;4134;9148;1990;6035;2321
9491;4439;979;8535;1853;7270;6160;4084;8875;5240;5583;4934;5958;4834;676;3208;1828;5616;8841;2973
6289;5916;280;8767;9891;1584;7494;1409;263;1260;7076;6900;7099;9001;3742;7259;7000;516;2264;61
9717;1093;1629;7069;6601;7664;4205;3969;9126;170;6724;5843;883;4202;9439;4725;1391;370;2123
4147;5001;7709;8026;2251;4133;8573;335;3034;9068;4365;8536;4407;8193;2151;7043;4422;5957;2668;6438;9990
9024;6566;3613;6660;2705;4306;6641;9580;7191;9280;1449;7507;9981;2472;5984;4922;2017;6085;8985;2545;3367
4331;1567;2136;8286;7910;7560;9097;4671;4878;5302;7849;3923;7440;4680;5492;3149;8845;7728;6889
3125;8347;2636;4616;5666;750;7461;4585;8115;1211;895;5549;4701;6356;5629;3351;6985;1679
6634;634;4991;4433;6989;5102;5998;6153;5304;8258;3182;4058;7427;7750;6236;1669;9705;8281;403;1056;3585;9947
159;507;5880;4152;3839;7765;4163;5751;1517;2306;7659;6495;7873;1070;9931;8975;1955;9635;1446;948;4410;7147;8211;8299
3038;834;5747;8027;7420;7668;4814;555;3432;7722;9706;2221;4392;3328;5464;2399;1258;2960;6892
6347;3598;9378;2400;1913;1637;5593;5944;4697;7338;3352;4160;353;5711;5765;3744;9582;1596;5746;5845;2053
7367;5489;2418;6009;593;3240;1051;8352;2846;2900;6907;4355;9815;3945;793;9617;897;9486;9631;6943;603;1690;5902;8078;4824
4124;8785;4349;6763;8216;9472;7946;2994;8543;2140;1545;3810;862;9670;3114;3578;7998;6430;109;1782;3429;683;4825;7184;7973
5038;6137;8037;5071;6010;2773;25;7649;5891;2736;7240;2310;5878;9311
8603;8770;3921;2162;9997;3235;1155;6478;5488;7264;3147;4295;9325;7473;6219;6799;5363;6981;4458;1665;8348;29;7628;3747;9052;3764
7445;3838;8109;2957;3102;42;7520;6826;4987;4684;3733;5950;2723;6403;2107;1369;1926;7470
5448;4254;2495;8136;2701;5926;3868;2877;5708;4474;5514;275;4734;1205;6378;3148;5082;776;9711;2371;6831;5305;1763
9835;3284;7718;618;3955;9695;925;3990;78;6067;2463;1022;8005;1595;8636;2891;6929
8176;6725;3041;8854;6877;9266;7004;3197;2419;5226;6340;7729;5186;8969;620;2202;83;2644
5886;846;3656;8016;1677;3337;9017;9374;5110;8600;3498;5210;3725;2287;356;994
8897;8953;6930;3184;8218;5914;388;5364;169;2132;4264;8340;5137;8246;3261;3056;4586
631;2919;9089;1791;8802;8412;8819;6535;7830;7458;6285;1119;7118;2166;4063;6096;884;6849
5726;6918;934;6106;381;9547;2771;9428;8469;6893;3338;2713;7370;5181;1717;839;8233
6109;4767;3178;2390;8974;2704;1662;5623;1961;5522;139;5591;5012;3883;6132;6522;4897;7366;7340;5406
4872;5170;2510;4713;1359;6383;6975;5857;7569;712;2872;9570;9905;7545;4947;8267;1501
4436;4457;1242;2456;688;7522;5193;4006;8093;5577;5313;2262;7336;9681;573;6742;8737
9470;6595;6126;9426;4828;6565;7816;3071;5875;8468;2467;6503;8249;2888
2627;5335;2612;9824;1353;9022;9101;8460;7377;2041;7106;9908;1928;8071;9371;2145;4858
6941;4518;6287;8274;2428;6243;807;6299;9003;2084;8472;1724;4590;2240;7425;1109;5781;7525;8540
161;7809;6423;5882;9910;4763;9258;6408;8203;9645;6581;3661;3903;2154;9359;4896
5634;9805;2583;2594;9538;9962;3374;6696;6145;6177;8869;960;3890;7562;4751;6904;9680;1528;3366
6753;3439;9573;748;9057;3209;9559;8793;9302;5954;3715;1764;4529;3770;1134;7362;4383;5027;1811;2661;9364;8830
5160;644;9362;7803;5365;1918;7818;3757;5208;9698;7436;2230;7164;3316;1790;3596;5257;1789;9702;9387;8542;8225;4230;2322;3623;4495
5373;9868;9960;5652;4587;988;7571;3047;2279;3979;8647;8679;1561;7842;5848
1094;1967;5119;3373;6015;611;3495;8433;2618;6653;2106;5641;9328;7174;3108;4144;3294;2386;122
6028;1475;4435;2083;4189;17;6960;5205;3050;6693;6060;4342;3026;5235;5391;5860;6586
4619;3444;307;6377;2281;477;1011;6979;9965;3925;3212;9187;2524;1307;3537;8642;6590;2818;2339;2580;3424
7937;591;7349;3086;1136;5551;5664;3299;9952;4461;4167;714;7922;8769;3823;2760;7746;1099
3816;6691;8297;5904;595;3000;3644;7036;8202;8878;2717;5559;546;7540;176;3332;4549;7741;4639;3239;158
2272;9592;1444;956;1482;9143;2544;3515;4299;8569;6787;5283;9297
9106;4558;1507;8681;5858;4377;6952;269;9533;832;4806;5241;5439;4636;6059
6197;4146;8983;5345;6686;2005;3828;1956;5823;4393;2501;1030;3317;9292;10000;4057;623
6680;5969;7355;6642;2548;6025;3100;4538;5883;2268;3760;506;4722;5816;1488;4515;6687;530;2457
741;3508;5221;1785;5770;8266;3202;6259;9391;8145;1225;8496;5798;5804;3326;3780;5700;5424
8966;7516;1947;1357;1204;7967;3174;9120;9039;9688;8293;8680;5189;8682;411;5254;9004;4482;8761;4344
5103;3728;4687;8964;3634;2204;9817;2003;1021;8269;6728;188;2744
766;6643;4119;9715;5846;8976;9788;9712;5287;6474;6719;550;9616;4611;8672;5940;9641;2874;4171;5879
1574;6045;739;6198;2486;2411;1318;4480;4012;2179;1347;1048;9342;2550;9181;8000;6185;5303
7546;2837;848;8314;9875;8870;8389;234;7627;2255;4562;8184;9072;1695;5669;4911;441
6127;7241;1281;5678;7417;7575;1847;1128;5095;8332;6986;4876;1536;8637;1161;9119
7342;3315;3980;6752;1872;2585;59;2989;9233;3092;6738;3831;8958;9794;5928
9360;5519;2305;4412;1664;7284;2936;3004;285;9528;7701;6508;5523;9982;1272;3419;4659;1722;2598;3545;6716
1262;781;5268;1942;1919;4892;3531;2090;126;5414;8409;3295;3187;9061;3276;6776;1587;1971;4729;5250;2603;9172;6473
9878;7905;9650;9212;5174;845;8465;9168;3941;2294;3449;7301;7994;3336;1611;7414;3485;2540;706;7450
3247;5105;1270;8231;6768;118;9865;3074;2605;656;7909;3564;457;4782;73;5375;8725;2927;3665;7686;2917
9479;4946;8805;1871;7168;4826;9275;8013;1054;7975;7653;2014;6593;6994;26;2059;1776;5993;3687;7308;2160;2184;6422;9935;7435
4452;9227;98;9821;6956;6263;412;6785;2663;904;5213;3268;1831;5651;9034
7538;6631;2619;5697;9546;354;9596;8923;4095;3084;6805;6668;5134;6255;1701;6077;4757;9054
1209;4418;5072;267;4777;5911;416;84;1613;1718;3195;8639;794;2223;6765;2794;6071;8002;8697
6906;7678;7930;5887;6228;9169;7331;2747;2817;5533;1408;3694;7083;4938;7493;6120;2620;7521
4263;8537;2409;7629;4832;9760;3818;9904;7769;7298;5272;5265;1275;8402;9395;8807;8415
1973;6339;2157;7736;5393;5852;6480;1472;7017;462;7617;2062;8580
1862;9974;9676;5617;9518;7714;3119;3278;9157;2424;1649;1984;1148;902;2275;5142;9800;322;7224;2030
7467;1199;1821;5548;4122;1963;181;4843;4011;2397;4573;2581;9786;2607;3686;5741
4165;1371;1344;7237;7066;7495;8516;551;665;9182;53;5478;8797;8381;5933;2933;1277;9250
7052;4354;8476;8154;3353;3638;1302;6749;5694;4039;4997;2574;6277;6947;2121;4103;7964;4972;4932;5959;1615;3855;187;82
2219;7815;3094;9402;3063;3866;7006;8727;1542;765;6632;6587;8236;2586;6767;1786;7513;6665;8210;2311
1927;9481;4061;466;6807;6625;8494;2538;1049;9771;5445;9669;9043;7159;1431;2429;1818;8970;9370;3143;4977;3729
8920;4723;6812;258;7514;5985;1063;6731;6698;1997;9893;8247;7933;3942;5008;9507;8592;9714;8583;3410
2134;599;4329;2374;5301;4907;4196;464;8957;6932;7313;4634;6218;1907;7079;4309;5942;7154;1777;890
7665;6515;1253;9009;6348;6248;6247;2858;6656;3175;5217;4045;2329;2719;5964;5366;9968;4735;15;7974;206;6816
3844;8685;1538;2786;2506;531;9214;7426;450;8627;6107;1636;752;6734;5868;4087;5927;495;559;2259;6322;5663;3288;1770;2395;6860;9885
6364;101;2149;39;2060;4925;3594;3333;220;8707;5144;3435;2295;938
1787;5696;8590;323;4316;1877;4641;9744;8144;1227;2735;3396;3797;7257;697;7771;3040;9876
1974;9114;4140;9289;8450;2439;5153;6074;587;9579;282;1334;9753;371;129;2590;4952;9810;4963;4539;6398;2267
1524;6934;6713;1139;4252;6354;2366;5587;1622;9308;1172;5030;4322;1023;9049;3382
1463;4912;5881;7239;9326;3713;733;8873;4808;7863;1670;1766;1655;2369;7234;7553;5592;3392
6021;7695;3771;1820;6616;451;8309;2175;4887;9597;3091;1154;5278;526;2026;5167;8108;3456
9926;8733;2413;8624;5988;3982;7173;1632;7490;8846;1910;4918;8022;324;6187;2135;7856;4450
9726;8984;3046;9594;1825;2008;3481;9478;3860;7096;8;329;4318;6766;3670;9828;2959;6365;1087;9336;7132
8541;7742;5511;2597;7078;6002;6835;1246;2336;4849;3249;4754;5500;7851;995;8879;9131;8080;1772;3232
7315;9620;3022;7325;6003;6815;4915;230;3658;152;4613;4197;7754;1625;554;1257;7332
3342;3360;3124;445;3445;7943;7647;251;2426;799;5281;7956;4192;7645;8758;4131;6658;6410;7753;5710;7762;262;4200;6130
7491;3541;6044;1835;5983;8759;5195;853;3434;9662;2093;1089;140;854;1902;488;5306;1861;9090;8643;3768
7193;3236;1403;9033;9077;7322;476;3407;8234;7160;7763;3271;5761;6042;9485;4343;1005;5147;5815;3556
8999;678;2469;1870;4794;6773;9116;9661;9692;8523;4301;4514;1812;5717;2098;2688;8652;5231;8692
470;5802;9104;467;7584;6318;7825;3754;9872;3516;6803;2556;3716;6269;9123;8847
3748;8954;5706;105;9423;3123;2508;9035;141;8754;3870;3802;8226;3834;3865;3080;1854;5642;5173;8750
1346;1143;3129;2504;2803;1773;8519;4199;3145;7600;7471;1654;1837;8579;5273;8617
7624;6888;481;2257;5329;7023;4891;5656;3036;8551;3135;2232;4071;1297;4853;4968;9932;3460;5104;8008;7229;8334;5610
1565;4276;5204;9535;2304;2889;5009;7394;315;4101;5598;6645;7225;8900;773;2920;7526;5321;1406;9792;5323;2355;578;963
7925;166;5734;8568;7644;5630;7245;5855;7641;3607;8270;1181;8146;7280;1686;4854;4736;2526;4888;5990;2063;4790;5811;4900;1742;711
9930;8613;1892;9377;1883;866;1017;8703;4455;881;314;2558;3043;3800;8499;9903
288;5597;583;3018;1824;163;6154;6047;1379;9503;5422;9909;3973;5975;9718;1692;5385;9860;5275;5643;7046;4333;3186
228;2570;6896;5218;3158;3408;8413;5070;3196;429;7961;6953;8272;7368;3085;4286
8162;6476;203;7898;8742;4579;2248;6439;1167;5094;9381;5020;9290;8355;7393;9543;7995;9700;1018
9933;7011;9051;8458;6304;6461;4569;2280;2269;2676;2476;9735;1416;3889;8227;5935;744;6161
1145;7263;2780;7748;8713;2296;9268;6450;3265;8512;3048;7616;1878
3065;7670;7027;8581;6869;5348;8588;1833;6854;7962;582;7392
9851;3718;35;4129;5085;6193;261;484;9887;2659;5775;1178;5646;9867;517;1747;9574;4568;6290;3745;2266
929;2441;1156;6988;841;2234;3603;9587;6119;1578;4624;4369;2767;8305;831;3558;812;3704;4421;6178;8831
5480;123;6891;9969;3397;3153;4409;8630;8771;3500;7847;5428;1479;2129;2328;1801;107;8781;1053;1603;4476;2857;3717;2102;9279;2002
838;5244;5289;2302;4864;6551;2237;7242
5098;2137;8030;5600;437;505;6374;3626;7226;9892;1397;9285;8894;5341;2751;6485;8596;9223;9078;113
6016;7055;2595;8230;40;1412;5974;2686;4498;9866;4459;9639;1899;5712;1937;8298;4432
9343;1725;197;1378;6599;1478;6008;4082;2517;8185;548;9820;4874;6715;6822;1648;2087;5836;8143;9197;8901;4357;1078
6633;454;9306;1823;4709;2568;8745;8021;4080;1091;6910;7743;8449;1339;347;5418;3899;2690;2171;4815;4679;6170;6487
8515;5184;8240;474;9273;9180;1720;2567;6794;3723;2210;9738;887;6436;4566;8587;1118;6118;2945;6244;4449;6443;4827;1467;5239
214;7570;5807;372;2535;6890;3772;8559;4456;1351;6171;4869;8852;6006;3952;2292;9883
77;7474;820;7605;946;9764;8670;7802;3918;1471;7077;1533;5605;6784;3083;9668;818;2033;8823
7223;7107;1943;2507;1652;4615;4880;58;9045;2474;3524;7398;7391;5026;5585;629;5211;9634
4499;3218;560;5560;4682;4717;6690;4823;6429;9096;6115;7031;8753;3468;6424;568;5355;9390
2673;2915;9917;7299;990;4552;8776;1552;2853;3698;3090;95;7198;7751;9613;751;2582;8996;2654;8623;3321;3088;2943;478
7396;1243;5028;8175;4565;6579;9440;5432;912;2499;4211;7262;444;352
1238;1002;2988;4465;8818;62;5010;3067;1044;5884;1944;7283;5291;2614;3618;8645;7093;7327;6007;2996
5987;3293;552;4984;4885;5733;5255;9834;1610;5129;9128;8949;6649;3103;837;8023;5;1559;6125;6182;8356;379;1874
9142;2056;6637;7040;5018;1748;6152;6224;8942;1169;9379;6386;9125;3362;3727;5877;3547;2459
5280;2029;4073;2629;199;999;9449;9556;2941;2051;5437;1481;5971;452;1282;5917;9552
801;1117;3902;4548;9659;1975;1382;8123;6872;2617;4857;6841;9265;4886;92;5433;5440;6894
4226;6802;1137;6484;4860;4732;2882;8752;7033;4727;1007;5083;2066;6155;7480;5123;8327;637
8872;9502;6982;7288;639;6747;6314;5465;5394;2446;893;5839;4631;9665;6344;1452;8760;7590;6328
9237;6369;5065;10001;525;3206;5256;3075;7272;4396;6150;9422;4279;3785;5113;1993;9937
8963;4431;1237;5691;7879;2516;8259;5049;8224;7597;3033;8526;4441;6249;8828;8660;2652;5369;8121;4610;3068
6051;7328;5611;8473;8689;2415;7110;3289;6099;5672;67;7365;7792;6707;8060;3833;318;1363;8939;3134
4623;1589;3379;6542;5728;1571;1152;3006;8204;6469;5435;2147;5130;735;3226;284;539;8811;9519;5374;8508;9736
7901;3163;4099;1526;7772;6011;9973;1004;7162;9849;6294;6260;1643;5657;1762;8527;8881
1396;8488;2748;1806;3486;9466;7865;7038;5834;1105;6664;189;4812;4015;870;2725;804;1317;4086;2665;9413;6141;3506;9707;4674;8683;7710;5574;6272
5349;6927;8892;3122;2600;2103;2551;192;36;6761;6143;2966;9441
9323;1519;2111;6871;6283;8129;2824;7139;5898;7048;4315;695;1682;5738;5773;789;9924;6783;3944
5953;198;6884;1668;4141;8290;9768;380;8055;5382;6939;6509;1867;5216;2658;6250;8313;1968;5872;8454;8054
702;2948;5230;5931;926;8140;1019;6954;5040;4673;2894;4667;5420;81;8288;6482;3934;6669;6189;9787;4511;1514;5790;9523;9845;9372;3753;817
7712;3857;2460;4347;7311;1279;3185;1965;133;1858;7680;1598;6192;5740;3028;2843;9178;1999;6262;2115;5426;565;4694;3273
5376;4930;8851;7738;6497;8328;3402;2902;4704;5253;5569;1274;6652;614;1601;6387;7634;5638;2789;8081;8804;8973;7931
3781;3344;659;9339;6957;8794;8971;68;2698;2001;127;5169;958;7051
8664;168;9124;6169;9958;3160;7887;8757;8908;9506;9448;2091
6396;5505;6851;1470;9551;3357;5876;9199;900;4419;2807;3550;4660;6626;3414;7812;426;6937;2513;273
8461;5849;8866;6933;8062;9505;4251;4271;8417;9679;8485;3227;99;4370;1920;9612;7589;4637;2442;8187;2168
4162;2353;375;3436;9567;3916;8853;2050;6245;5863;231;8455;1783;4387;9206;130;6908
9366;7707;2376;4310;1113;3488;8105;6636;6209;7801;7405;910;501;4267;3749;1031;7703;3405;4283;1556;2436;9038
8220;1645;913;1639;3582;4034;1071;3190;8065;5339;1239;2260;7153;965;9708;4019;6596;9896;9286;9288;5383;6401;8736
3743;2974;5895;4089;5687;1957;7840;1619;6353;9140;3922;7614;8744;3051;686;4870;6540;1932;6584
6490;2092;9637;6417;5962;2364;7140;2340;6801;1411;3377;7201;4447;6133;225;3482
3270;8208;8927;4845;9642;2080;2730;5633;6809;342;1077;5924;9514
3296;8085;6370;2293;8640;1964;4420;1727;541;8497;79;527;138;7658;7072;350;394;5045
1046;5332;5797;4156;2112;8886;1880;7337;822;6814;7619;1372;909;9889;1116;7549;5357;6619;2712;5371;1675;8498;8285;5919;6618;4305;1188
9190;400;7410;1656;9117;723;9619;4916;2185;8141;1340;5674;7794;7517;1441;4654;7376;520
9249;589;7054;5307;9317;9985;8437;5461;9417;961;4327;7211;2792;3972;5031;3894;4831
4676;6582;9240;7075;5552;9365;3199;786;509;213;4502;4008;4523;4557;5527;4470;600;3609;6682;8439;46;8107;7791;7682;6320;7533
3496;8915;9913;1125;1813;1285;9036;9862;7760;7381;3987
6454;3848;4060;7008;3994;2777;6081;4493;1006;4398;8268;432;8510;7190;475;8857;6268;3526;4108
8796;7752;1866;7866;3233;9677;7185;9721;5596;6470;1570;5937;4901;1663;4626;2270;731
5528;616;8801;3548;1159;3676;2277;638;1989;9936;2828;2449;1726;1437;6844;5194;4330;7446;4653;5292;6861;6116
9882;6635;7591;8015;7880;3055;9282;4855;7947;7811;2213;4638;5151;3309;7009;2317
5466;1208;2971;710;4810;7025;3812;2363;5114;8029;5400;8514;6685;2235;7633;9497;2765;6070;982;4942;6848
7432;3674;2720;5820;6647;4378;8447;7187;76;1354;3557;7144;8406;5454
8205;1863;2117;405;4820;5518;3710;942;3690;7919;5648;2391;5791;3893;1555;9145;5220;3809;4040;9861;2099;6379;5821;5143
7220;4835;5639;1849;4366;4022;4481;4479;2699;8978;989
940;532;3938;5005;3591;6261;1774;6978;6036;4105;2762;7232;5640;7675;358;4603
7200;5346;2520;4519;966;9100;7916;7917;1201;4807;2011;9871;6748;5384;5681;2035;3380;6308
2043;4606;6603;9752;8173;892;9215;1903;5520;5750;8994;8765;9384;3611;2616;6488;4744;1123;1342;1024;2810;3180
8165;8221;790;1945;4510;2932;558;6220;24;9267;7341;7602;116;7430;6325;3466;2071;9414;6759;6331;4248;3567;8859;8671
4483;9041;775;923;6052;2278;2069;9895;1512;3211;6046;8741;4632;5036;1864;7128;8883;6662
1177;610;7700;6188;5759;2564;1468;8806;3490;8007;6056;120;6402;8566;7141;6818;9314;6517;6349;2044
4954;8914;2791;4698;8301;7207;9603;1365;1122;684;1248;4550
1304;6541;52;3693;3688;3044;2425;7530;7512;774;5407;3311;6267;9949;8103;8333;7529;8238;5978;1771;9734
780;7045;389;671;9658;8302;4302;8867;8946;2110;9283;5918;2909;9699;2312;4765;5989;9813;4186;9048;9796;2733;9154;7172
650;149;2703;8861;4574;9765;7781;7904;5039;1739;1032;9842;1767
8962;236;6221;3200;4048;376;8393;598;2341;7385;2800;9095;4941;8538;636;7568;869;1553
8360;1733;7850;4127;5943;3454;4007;6710;5146;788;6592;7399;9082;6361;3251
9644;8466;3057;8658;8375;143;8182;8893;1728;5748;4359;9301;7274;8174;2630;1855;6338;6717
7195;75;7921;9539;3301;3859;4895;6727;3492;8395;6836;4303;4362;6088;4848;1375;8418;5996;4110;8130;5684;9565;8350;9151;6902;240;1991
4893;4974;5132;1644;3256;2781;9697;3066;2745;3343;9789;8574;3841;6222;7030;3493;9010;1461;569;1458;4506
1292;3510;5538;3637;1373;9921;4929;9329;8791;3073;6400;8331;3052;3307;2907;2938;768
2172;1319;2236;3503;4544;3356;9754;7281;876;8304;4298;7883;2979;2497;2522;2320;7282;1170
1760;3612;6528;1290;1879;5330;941;4258;5808;9382;7258;7290;3535;9149;2537;7203;1212;7950;5735;1218;4766;162
9404;2772;8955;9396;3146;4188;6324;1433;9162;3836;984;290;1525;4356;9243;1072;2491;9509;8560;1497;175;5670
9589;72;5903;6613;8292;2796;2101;533;3118;4789;6121;3575;8088;4567
5507;2365;5671;7121;5850;446;4218;2421;5386;4417;6970;6389;6513;6337;4440;2779;2987;5053
2812;6055;4000;4629;6286;2263;7194;8906;700;6736;6041;4380;7186;1086;9602;3107;5063
9923;1699;8343;7138;392;458;9672;3375;3988;2022;3171;696;7822;9568;9158;8995;3479;1008;6089;9287;2764
8400;7378;7793;1576;8354;3059;2448;6230;9208;5387;1680;7835;6804;6427;2743;4599;4123;3706;4961;5573;6556;1104;4116
6865;6792;889;5956;2591;4817;7114;6175;4648;5178;8382;3330;6977;2097;7022;135;7558
1059;8887;5970;5506;3358;1419;7182;3576;148;3901;5139;3625;1952;8609;1931;1661;2954;8839;212;3394;5405;826;2148;6223;6105;325
5403;9773;5057;6806;9260;5111;7918;3735;9689;9363;1605;7278;384;3279;7231;1038;4672;1940;2208;8443
8477;5554;3283;2983;3635;8614;9025;3983;622;672;5555;521;602;9801;7786;6745;4227;5212;6819;8840
4098;6207;3345;7323;9047;7509;9785;6416;6092;6432;5541;7146;5298;7333;3204;9084;3027;4821;3138;2599;4137;6253;5675;5760;8722;7942
3559;3906;640;6722;6279;8988;5318;9027;9255;3668;5628;3614;4475;7363;31;6677;5354;4772;4454;4700;2048;5202
4714;5938;7492;259;7419;1969;8860;8265;2707;1869;679;2211;233;1129;1173;5196;8462;1966
2079;6460;4621;6602;4612;2541;2991;7472;9420;5737;5075;3622;4161;8379
18;3355;1810;621;6789;2109;5702;9553;2621;6360;3978;8036;1045;2348;106;3406;3346;4983;364;4090;6030
7548;3172;8308;7285;6166;5859;1395;1575;2427;574;5311;5068;4503;7884;7124;7042;1447;398;9015;9269
2976;564;4525;9975;2143;4745;6195;5756;3201;7655;1597;5908;8243;4752;8509;842;6235;1628;456
1842;3569;2689;2645;6568;3117;6291;6867;5233;2980;7868;9216;2122;6620;3939;4564
6350;2683;6134;5537;8561;5526;2430;9999;5813;2692;8041;9107;2830;6094;5709;312;873;9560;2318;6037;4914;7498;6502;8024;2503;235;9118;879
8688;215;4109;4958;8147;1731;1249;1076;738;954;1912;5242;9453;5106;3302;5358;9496;6382;7047;9029;1523;1734
9429;4325;5786;8868;4164;8663;4630;7254;6800;3961;4813;9540;2975;8263;6492;8405;9971
9776;9139;7666;2072;7157;9144;8525;3133;4364;1906;728;436;8809;9427;5056
3012;5108;1057;522;2515;4150;2963;6638;8965;3478;7775;4428;7335;3441;7246;1039
6281;5599;1121;7831;359;6828;2193;49;8731;7727;8605;9332;5042;8084;5921;6457;6895;3615;6256;4240;5913;6433;2346
3536;8716;729;5794;6676;973;699;7661;9673;4223;511;677;8554;4966;7592;6961;3629;1050
947;5539;4278;1191;19;4172;8674;6887;1901;1200;7938;9127;9967;8533;9863;2866;4833;8550;4467;2020;3393
9601;4733;9915;8701;9578;4338;7411;5658;1261;9006;6855;2228;4293;3215;987;7690;9386;5149;4004;9163
2611;6944;4597;8207;3840;3874;7528;996;5434;5731;6472;642;2925;3920;5976;5417;3164;1996;7795
8961;5021;345;4786;8106;935;1638;3651;7416;1350;300;9272;5851;6395;7983;3861
1101;311;9837;2125;8817;2576;5787;6066;9986;8101;3101;2579;2577;6813;2331;2821;9663;9994;5079;1558;7806;1219;5274
9724;1805;3395;9852;5800;9623;4066;6992;9499;664;4605;5066;824;1432;3416
9797;4350;5624;1436;6312;1020;3660;3286;9271;3443;1310;1349;4179;2049
8880;7997;9945;4406;9028;8572;2527;2357;4819;2359;3636;9348;5413;8075;4939;2721;6779;6514;669;2795
7452;2609;3368;7071;4999;7805;4203;4149;2502;2565;6991;9155;9600;2095
9239;3431;5900;9646;391;9445;500;9461;1476;5023;427;3007;4062;6544;5127;9684;971;5730;4259;9432;1443;2038
6510;5568;4507;7339;2343;1273;2643;3267;3348;3359;2985;3864;8695;2755;3087;4570;22;8359;4960
167;7582;1573;899;7475;4784;4198;6076;9071;6163;2808;5930;5516;2004;8934;1163;3060;5496;7855;5214;985;2301;8929
907;2631;7702;2423;1075;1678;9242;8816;2065;5865;1506;4081;2074;8959;6949;65;718;393
1466;3705;4193;1492;1298;340;5118;8777;6539;4980;2444;8907;286;3795;8004;1951;3079;136;1658;3787;1592
8262;6148;5175;1103;7776;4608;9277;69;2010;4633;9303;3845;4213;2657;2679;9888;362;9534;6791;6208;7789
4645;8358;6151;1386;8011;1236;4742;4881;579;8366;4399;8651;4537;3350;2393;7779;4284;905;4517;7295;3467;252
8631;6225;9664;2714;3763;9946;6215;6706;137;7134;4261;8539;681;1930;1987;2229;9204;9361;9189;8039;3533;3794
6576;4390;3461;6754;2873;6942;7219;6368;7800;1580;9059;277;5177;4768;7848;410;6857
2352;1539;7542;2899;3539;8282;8890;1904;7289;6723;5842;9725;1329;5586;6390;7145;7252;3111;4136;6414;9954;7249
998;56;5342;3633;2695;5388;7196;1841;5315;3140;8945;420;2588;7250;5627;1326;3943;5462;7876
8257;7767;5334;3551;7256;1939;6684;1303;9198;5101;4269;9238;9977;4217;179;3203;803;3519;1328;9781;7005;8783;3427
1591;1284;5314;2045;6456;1921;7015;624;3814;4978;8646;7133;7479;7977;9408;7694;7122;1642;8577
8662;7731;4473;3095;1247;880;6543;3433;7988;663;5665;2197;8493;8256
7523;8618;1793;6136;823;1604;4664;1401;9299;944;316;3736;3323;5947;7606;5564;9073;6780
9083;7086;7985;7202;6258;8096;6998;3730;3188;5251;4830;8006;2815;9351;4148;3310;9723;4971
443;2155;9843;2684;1360;7504;5087;424;8986;3194;6254;4404;3327;448;34;7838;6870;6788;7797;7088;3266;4801
3222;8430;9763;2569;597;7783;4287;6332;5676;5713;2790;7778;6054;1241;4521;8019;4177;1364;9907
3069;4376;8330;7279;6681;9252;2573;3825;3324;8100;4100;3624;4437;3958;1572;7893;1958;7980;1235
5718;8339;4703;3977;7609;4210;9040;7534;419;5243;6914;2680;529;5187;4779;1687;8043;8530;7774;7352;4903
8552;3976;4545;2802;2884;8239;9614;3297;6739;8694;9832;7109;5408;8862;8264;125;4241;9874;5225;8926;829;612
6786;9245;9733;8271;7441;9341;8641;7630;2710;5409;4229;3250;8451;6733;3631;652;172;4047;5402
1634;7131;8993;2464;9989;5381;1196;7978;2519;6526;5092;1381;223;9141
326;1992;3684;519;9686;6274;5199;7704;4187;3912;7287;294;490;7468;2245;382;4221;2678;1414;687;4270
651;5415;1673;9541;5411;857;6885;8042;7733;4604;5793;3593;4756;8749;2646;9394;1450;6518;5783;7314
297;2833;6394;2113;6024;8576;3628;5980;4927;4580;8407;1187;7375;5168;1838
1095;3896;1891;2047;2797;9942;3968;5322;9241;4308;3734;518;2964;8865
4920;3523;874;2809;7843;2015;70;5185;55;8217;8365;6298;3583;1147;6709;2178;7726;8278;3937
6093;7271;6168;4135;584;4468;3253;5729;4001;580;6670;9183;4484;673;1477;6629;2170
8056;9436;8212;3560;6441;5763;9415;1025;9758;4553
4077;7169;1141;1923;1885;3584;6688;9063;7871;4883;8374;2869;745;9383;2196;7897;6204
1876;9487;8206;3376;6955;9456;5060;1659;1376;9840;1641;9313;2247;1569;6547;3335;8602;3875;2962
3475;9857;3415;4527;3042;4847;8235;975;6146;5299;9529;9963;4953;2727;2557;4215;8459;2375;1709
5015;7454;9916;4988;1797;7671;6156;7544;9392;7643;6916;8799;4948;7150;3045
8448;3971;3061;5869;6611;1130;9759;8567;5584;4216;9798;993;7320;6852;54;1897;7837;6194;4563;3936;3334
3562;755;9743;1803;4837;4859;7646;5690;6913;2993;8197;632;8275;5166;3962;6996;9703;4651;8484;5296
3015;7230;6252;6;6923;5269;8254;60;6174;9555;8505;3572;1529
3339;8040;2046;6772;8092;2542;1158;8214;5271;6342;4031;9739;6327;4976;5742;1168;5745;9740;2385
8321;8667;9069;4096;5096;4866;5481;930;2118;3879;8363;9793;720;8619;308;7409;2709;6974;8556;1540;5238
920;6270;6065;2383;9074;5550;8943;1759;9925;5404;6548;7986;2880;3442;3152;7565;2025
9674;6702;7867;2085;1016;4662;3037;1074;4528;4112;5270;2997;4402;8844;7610;6771;3571;6214;8052;7696
154;2978;5688;5685;7026;3457;1970;2246;2105;9411;5252;6573;9407;3159;9356;8888;6110
8307;5542;2350;3555;1331;4065;4324;3319;7444;7508;7739;2454;9108;7652;2972
6405;4536;9671;7989;8158;943;8368;7103;1735;2696;6951;9020;7503;9103;9191;8739;3465;5458;2625;8715;972;5236;609;2284;5873;4002;248;1531
6924;5870;1392;4889;5743;9462;385;4873;9576;5809;5264;6139;368;8502;3843;5247;7620
4762;7485;147;8195;1666;8098;5046;5054;1843;4111;3821;8383;7032;9966;3804;2561;4102;5122;3803;3672
7400;2088;3783;6873;2861;3292;3447;5951;8899;6928;8720;9513;5419;4584;8849;1962;2195;4246
4207;4403;7372;2016;7705;6993;9176;782;4769;51;6850;2826;6500;160;7698
4030;8678;4312;5899;3650;6911;4093;1703;3361;1607;3954;3426;7595;8076;4277;2215;4255;5370;1343;5398;641;5290
2286;8693;204;115;7755;3370;7401;2845;7601;8475;3464;4534;9452;5141;1149;5484;1685;5064;6241
3811;9818;3477;45;5353;6385;7407;8181;9200;8319;8118;4272;3887;5874;5471;2437;7877;1192
2702;4865;1474;1460;8531;8312;6917;1335;1884;7255;772;7383;8087;2360;8518;1301;6029;5352;9912;5483;9775
2023;3189;3752;7631;9841;4800;1800;6315;1914;6005;7167;9246;5472;3305;4051
9226;6172;8815;5906;7982;306;7073;1185;7243;3851;1367;2009;2488;2509;3759;9229;1922;5767;2288;1704;5294;1522;5316
6810;313;4477;3854;6705;4003;7206;6329;3737;6651;4113;5377;8120;4247;2380;5188;6811;9159;5801
8122;7359;9610;7041;2398;3151;3726;4201;8565;5131;1453;124;3966;7981;6874;6064;1179;692;861;5470;1617;5286
8479;3322;8137;7062;8570;327;2478;6534;761;6210;2864;5288;4665;3711;7832;7433;6335;2970;151;1341
9511;850;3105;1309;8730;5992;8650;8228;6577;2912;3205;754;2847;1144;5457;7827;1946;8734;6823;715;4655;8134;3819
3708;2914;1948;1832;7987;7276;6679;6735;3595;2406;5994;3538;6458;3173;5824;2746;279
7094;4018;2477;6938;9762;5792;2334;7021;703;9928;9585;9902;2191;7515;6428;707
7623;8090;7273;3931;1027;5915;3653;1915;5920;7115;9961;6264;1490;7029;6899;5831;134;6367;1485;5006;5451;6375
2892;4696;5892;5126;7129;4281;8342;8442;3662;4774;5449;20;6341;7881;6775;7888;4317;8068
6164;6471;2244;281;3121;3318;3291;4719;4471;304;6506;2633
3895;8335;8925;3858;716;724;8710;5300;1822;4588;5351;4106;1268;9298
9780;3703;2835;3210;2274;2782;784;9756;182;5372;8149;257;4614;5613;4120;5695;4576;1873
8668;2128;2480;328;867;5720;2840;8104;1667;408;8132;1440
483;3996;3008;5889;377;2349;6131;5487;5503;2227;9079;156;8169;224;6798;9527;2700;6640;5249;6114;9130;830
5754;7869;9110;1723;4168;9312;5995;9005;4989;7908;9858;4650;9217;2181;9729;9774;7583;8634;2624;8300;9629
5368;2;6674;3965;3254;196;1544;6001;9471;3365;6598;3914;4677;8987;1624;9444;5972;8426;553;2192;2379;7819;4339;3401;3001;4083
8717;9532;9234;5179;9694;7091;9957;7958;2656;4840;6234;274;8373;4294;919;2650;5455;2057;1850;5504;8033;5490;4041;9655
9044;9080;6552;6830;5431;8124;8597;2479;8589;3255;3775;1193
1890;3699;9769;749;190;1933;2036;6697;7604;4222;6594;1065;4675;3740;1100;216;5714;229;8131;23;1616;3786;8520;8504
9516;8778;1886;898;592;6905;4184;6959;2750;3798;1377;7576;9135;6796;6843;3765;4924;8117;3885;8110
2130;1336;5703;5789;8487;7725;4341;5389;50;4446;4871;9261;6538;2871;856;2566;6583;7329;3993;9352;6023
38;5619;9093;3824;3721;8895;4695;185;9254;6326;3869;8578;5654;9;8179;7292;5963
5043;1986;9367;8743;210;2052;8709;8051;4274;2602
2068;8788;2732;2133;3264;2042;4657;2675;955;3280;3909;1609;5580;4791;2470;6302;208
6142;3552;2188;4919;6357;1549;8763;8245;4139;6756;6251;8318;14;1096;6017;5007;9747;2788;3262;8113
6032;9880;4743;7466;4335;7455;8858;4712;9455;2543;9772;7895;3959;5014
7511;2715;1848;2596;5896;4646;7356;6157;7111;7761;5825;6321;7421;5047;4998
7318;5154;7326;8905;2158;8252;6729;276;2530;1251;7790;6489;5912;9446;7235;6782;3898;1202;4868;9709
8940;5319;469;7798;8810;4625;104;3689;3484;4170;6878;7216;8653;2440;339;8255;3191;8125;2249
9515;2177;9500;5716;5133;8951;1287;1795;7608;5447;6569;7007;3127;630;5966
2940;8168;8432;6976;4043;2863;7970;6757;9327;6550;5452;32;662;1028;8610
8916;7388;8077;8166;6758;2404;6762;5952;5135;8764;8601;1305;6588;3678;8585;4581;7286;5165
8935;8489;5991;6124;9007;1623;9536;8967;8524;5979;6746;3543;872;6098;1491;9761;2482;4851;155;1653;6226;7037
1954;8260;9510;2000;9525;4173;7143;7859;4955;5829;7759;4238;1465;5615;298;7636;1950;2435;8842
1647;4583;6950;1234;3664;740;5215;9147;6217;128;1456;8532;7814;6750;3847;8594;8072;5062;1909;6617
8666;7566;2841;9609;9274;5570;1035;1073;8392;8170;6964;9186;7813;6597;5692;9335;9608;1390;7693;2174;8086;6864;7914
9220;4797;8500;5637;9678;3458;2834;9626;2283;2126;8735;2906;8398;1729;7747;5058;2345;4023;2518
5124;4415;2531;7853;1511;7108;5508;1521;8922;5941;4491;2333;8611;2309;7;2203;7864;6683;5025
310;193;2096;397;4118;3258;3601;241;1126;4666;3544;4391;1600;5780;2242;3654;4555;7334;4724;977
7371;5197;4841;5722;2911;9632;917;9196;1293;3383;8069;6741;5161;6388;1384
1459;758;8032;1356;8250;736;5399;3957;6751;3597;8990;2955;9316;9611;2314;6038;9998;783;7348;8696;1370
7210;6856;8388;8470;813;9065;2784;9129;5826;3807;2384;3418;6519;649;5223;7882;7387;2881;1792;9494;8599;5097
7829;3062;7379;1758;2753;3549;3417;2844;8812;964;9561;5581;4850;2108;9811;6406;2153;1515;7556;6563;3002
6319;7261;7403;3835;2073;756;4212;6404;8835;3131;7723;4975;4266;1860;8774;4543;186;9783;8792;2758;3700;4194
4986;8490;4292;6004;7084;792;6467;6371;2330;4368;5856;4032
7010;9900;86;5032;7768;348;1949;9939;2159;9830;4540;4159;4443;336;1496;4132;9950;725;9304;2640;6090
9369;491;3997;1454;4497;8291;2484;2601;4877;3017;6560;2485;9021;1417;1469;8237;8766;9554;5284;5755
3608;670;1794;5536;4078;2505;7612;4780;9380;9964;7307;9731;4463;407;6834;9177;3;808
4323;8932;6068;1229;2212;2176;7418;2308;1852;608;4846
4408;3697;4753;1808;3793;7081;4822;7360;6572;3739;561
7451;9225;7489;1435;7484;7064;111;9599;8654;3116;6898;8248;8320;6061;2512;6936;9346
2896;8209;8591;2811;1751;2233;7442;798;6671;5222;7090;827;2325;9202;7459;7697;5571;1779;2862;9727;1775
4373;7483;4107;4314;1291;6102;5579;7035;5841;8913;585;1738;8351;3224;4685;5590;732;536;4640
680;5069;3788;7488;5013;4508;3298;6827;1405;4894;7113;7163;4351;9164;9099;3774;9746;7578;5844
5180;9465;2897;8738;6963;2606;3176;1197;9066;9459;8948;5024;6504;928;2562;2642;3722
7247;7536;2804;8456;1839;264;1819;7577;4169;5827;2243;8992;1428;3639;779;7460;9105
9488;7532;2634;97;2475;2461;3474;472;855;1981;5622;6062;8629;9087;2238;8276;5982;1765
851;2778;7034;428;3207;1220;7166;8377;9257;6238;9295;9467;4842;3782;6362;460;6562
8837;486;2838;567;3904;8283;2146;5732;2327;6795;1550;3822;5333;586;8112
896;6069;1067;8189;6203;4496;4033;1111;7596;3691;9730;8896;7501;3126;7386;482;1429;4803;8364;4609;693;37;7275
2718;440;1120;5621;6463;5207;1462;3892;9230;6770;508;6527;3167;7953;2929
1707;6165;967;8404;2416;7524;742;9956;8586;8721;5190
5601;2928;5535;9153;6205;7227;8909;2494;7424;2250;875;485;6233;1215;8748;9716;9102;2578
449;4628;1256;7347;1296;3021;8486;1829;1681;635;3505;7936;4017;7001;1684;1498;9690;2706;6511;2412;4285
8938;7293;3867;4533;3881;3277;1299;7346;8394;5835;5606;4526;3849;968;8191;9122;1593;2740
2737;5219;6176;3872;6817;6111;1026;8057;28;1516;1568;8349;2724;4056;4242;9557
8138;1166;7821;1560;7343;2373;7465;3274;4206;5977;1278;7603;5237;836;1534;7324;8790;7935;8699;1698;762
4937;2226;7984;1756;1289;1407;4385;9322;496;7063;9201;9955;7555;7870;7248
605;2952;5229;9501;796;4438;6764;1194;3528;7482;1715
2563;4469;1327;6561;5724;6516;9770;9030;2549;5832;3527;6997;6020;1425;7744;8762;1894;8998;5077;6846
177;9512;2490;8190;5198;3154;7221;5901;6449;7178;5822;5626;655;6755;2672;4668;4094;9854;5689;8094;7684
7720;4622;2798;8517;8635;200;250;1009;7171;1743;911;487;658;8155;2434;7487;657;3369;7152;1504;8295;8979;9016;6661
2307;1244;9755;1176;3746;2414;5890;1286;6149;5117;7065;8829;7799;7944;2939;9897;6202;8194;291;878;3308;8423
6273;6875;9992;1541;4381;6284;7044;6837;7715;1133;7260;6912;9018;90;8064;8711;7397;6778;6307;1322;2965
2666;2289;2326;9410;2961;844;4856;9086;9203;3829;8564;9993;3799;7296;9624
191;4520;8384;8152;1213;1132;7149;571;6650;575;3842;3430;7777;7510;5138
835;3832;1599;4575;7804;5163;1210;1761;7758;5495;6190;9593;9492;1171;9146;8931;542;2913;4138;9846;7845;3246;1960;5830;8159
7841;4643;6292;7906;6311;1300;2761;9898;5494;6231;6919;685;3078;8827;606
9188;4478;8324;2859;8704;7068;1732;633;4304;5604;2813;7708;4995;7817;1518;675;8977;3179;4572;6447;6622;5660;5344
6967;4910;7215;5228;5148;12;3193;6879;992;3873;2182;9530;5553;8322;1088;4771;3387;753;3813
7638;6421;2879;7181;6239;4074;6346;242;2200;1315;1230;8917;4049;4321;8253;690;218;237;8371
921;2662;4532;698;2608;8952;2756;6306;7209;8669;3667;9750;3023;3808;6376;764;499;3463;2199;9435
1602;666;117;4956;1713;9622;6173;6191;4852;2921;3483;2992;7780;5155;4720;8431;5818;2466
722;5093;1092;57;8434;9406;9062;2186;6462;997;361;2201;5331;6876;2754;809;7941;8164;2521
2089;4426;3724;7012;9385;8628;2681;9263;4921;6530;1250;2207
978;2950;8555;577;924;3507;6297;1052;5486;4070;5224;9922;4005;2319;1240
8608;1608;9331;132;2593;2852;3381;7823;244;9625;387;1041;1252;1706;7253;2452;6242;9983;9823;2953;9121
6138;689;6415;8050;6648;4551;6435;8163;9433;1551;5840;4425;1003;6853;6352;9259;5655;7217;5893;5907;6275
9210;3248;5396;6524;512;7204;1198;8201;524;219;769;6820;8344;2886
2224;287;2995;9278;3221;3413;7730;7833;8441;9495;4117;6392;5814;6087;5158;7737;2787
6608;5115;6280;6958;3673;8848;3183;5468;3216;9850;7756;8317;9864;3815;8503;3285;6948;7531
4319;2018;619;13;7952;3076;9855;927;3169;1796;3378;4175;5620;9607;3165;4055;4180;6628
2367;1393;7965;7018;337;1288;2131;2785;9749;8657;9870;8017;5171;9899;7137;4151;1308
1216;5680;7639;8296;9890;8786;7677;2986;1283;7316
9581;6532;1836;378;8625;2013;3054;2256;5061;9248;2487;3701;7891;1979;7085;2842
3766;2969;5925;2019;1888;4758;1157;439;6972;3645;9829;8419;5967;3243;4726;2523;9321;6183;9088;2839
8714;9194;5612;1934;7945;3756;3014;5766;7457;3384;9640;4233;4400;6363;2677;8480;5932;1557;4746;1269;6440;2282;7787;7724
9927;2774;5234;1493;8607;9745;7535;9309;8367;1135;3927;3241;4781;2214;9209;9979;6300;7222;8941
4158;3755;1753;5477;320;3792;1165;5779;2660;5867;8280;7979;6351;3325;7599;1489;1280
4334;2592;7642;7104;2209;3741;9728;3282;3542;9710;7872
1633;8047;7127;6276;5084;581;9333;3702;74;369;6922;3400;2356;1983
9409;1037;7097;8034;1266;6610;6965;1856;1804;5768;4923;2455;4541;1778;2354;4401;9475;7058;7350;5156;165;2947;6097;5191;747;9483;5041
9537;9742;1737;1509;2890;5771;1231;3136;254;8139;4042;3680;5340;2492;8855;4367
471;3513;3666;3863;6022;91;1882;3064;2082;3300;4405;2793;9464;840;317
4663;2496;3589;3024;8850;9588;3281;473;5805;1740;5986;5862;8712;3588;6700;4394;8918;442;4375;6520
4764;2694;8315;6072;4413;5910;653;1223;7886;2850;112;2870;7074;3077;8937;9219;4486
8684;8557;2372;8463;6523;9591;7963;3876;2124;6558;2220;2104;8091
4809;6196;3981;1594;5725;5727;6615;5356;7839;3525;1207;5837;2998;7900;9469;47;9767;5328;7464;2887
3587;5578;2711;8063;6419;7537;5744;7056;3540;4996;4546;4699;8326;1513;7554;3659;9940;9256;9294;2729;1697
7380;5997;1442;5699;5099;247;9657;1530;4434;2968;1081;66;7477;5948;1254;422;5861;1750
2647;5444;6531;6334;295;8038;4950;4788;8676;9091;9397;7382;6113;3391
331;9522;1752;3039;9751;4224;1420;7858;7923;2473
9569;8826;5666;1629;516;7849;9580;6641;4306;2705;6660;3613;9097;6566;9024;2846;4331;6889;7728;4355;1637;1690;603;2418;6009
8109;9717;7069;1093;4422;4205;9126;6724;8767;263;7494;1409;1260;7076;7099;9001;6900;7000;2264;61;1449
2083;1211;370;4202;4616;2636;883;5843;9891;1584;170;7043;6601;7664;3969;2151;8193;7973
4433;5102;6153;5998;5916;280;750;4725;9439;1391;5304;7461;4585;4058;3182;6236;1669
5338;5897;3260;4878;4671;7560;7910;3125;8286;2136;1567;3923;7440;4680;5492;3149;8845;9815;3945;8352;1051;5489
4147;5001;7709;8026;2251;4133;8573;335;3034;9068;4365;2545;8536;4407;8347;1517;5957;6438;2668;834;9990;5747;5944;8027;4814
159;5880;507;4152;3839;7765;4163;5751;2306;7659;6495;7873;1070;9931;8975;1955;3838;9635;1446;948;4410;7147;8211;8299;8540
3114;9670;3578;7998;6430;109;1782;3429;683;1679;4825;6985;3351;5629;6356;4701;5549;895;7427;8258;8115;7750;6289;9947
2239;3038;7420;7668;555;3432;7722;9706;2221;4392;7338;3352;3328;5464;2399;1258;8078;2960;6892;3744;9582;7445
7946;2994;8543;2140;6634;7184;634;4991;8281;403;6989;9705;1056;3585;9472;8216;6763;6219;4349;8785;5878;9311;17
4843;2501;1030;5305;6943;9631;9486;897;2900;6907;9617;793;3240;593;7367;7349;8603;9292;623;714;5669;1695;8389;9875;441
1657;9643;43;3750;6431;1313;174;9403;3742;6085;8985;2017;4922;5984;2472;9981;7507;9280;7191;5302
5902;7259;7244;7404;4228;3032;691;260;1676;962;5482;9995;8795;2990;5739;1221;544;7934;9972
3974;1895;6380;4265;1473;1548;6057;9633;626;903;3878;7228;9838;3385;3238;8083;1712;3110;7251;9442
2310;7240;4124;5406;5891;2736;6831;29;1545;3810;862;6137;8037;5071;6010
3776;8960;991;9856;3933;7358;1010;7233;9319;7559;7098;3058;3314;4234;150;4142;1505;4728;3354
360;1547;5209;8521;7745;9358;8289;5776;9276;1998;795;5412
8871;3924;9804;8329;3372;479;4805;1693;5817;8213;6278;5683;5701;3820;3685
1134;5926;3108;3868;2877;6096;5708;4474;5514;275;4734;6378;3148;5082;2371;2773;25;3747;7628;9052;3764;2957
5679;730;8919;5267;9231;8323;8414;1640;3882;3846;6760;6459;271;3072;2848;4464;4053;8133;833;6694;8310
5137;620;3235;1155;3367;4697;5593;353;4160;5711;5765;4824;2400;1913;9378;5746;1596;3598;6347;5845;2053;9997;2162;3921;8770
7277;8066;717;8074;8044;480;5649;843;3908;9064;3497;3852;8912;674;667;4257;7102;4618;3732;6909;4444;2058;2054;7907;6373;4472;9566;7543;5164
2258;9353;8902;5035;9046;3779;9457;3910;5905;3035;3999;770;8416;6240;5442;3911;6711;6227;5347;9368;4796;3340
3166;1708;3228;2382;4705;2667;5955;5029;1905;5456;3245;8798;563;8621;5125;8425;2832;9847
5705;8241;2127;4182;6034;3907;8780;9137;2332;4795;6411;465;1413;9081;3655;8370;908;2405;7116
1205;776;9711;3102;6826;7520;4987;4684;3733;5950;2723;6403;2107;1369;1926;7470
9544;5661;625;4593;3682;6080;4328;9480;6216;9598;2534;8116;7949;2893;4183;8102
3399;1114;457;5038;8725;73;7593;8160;1110;5673;4902;6969;9675;2942;8728;3019;8836;2403
7718;618;2123;1595;8636;2891;8005;2463;3147;7264;5488;6478;4295;9325;7473;7649;1665;4458;8348;5363;6981
6979;3284;3955;356;8600;2287;3725;5210;3498;2202;925;3990;78;6067;8969;1022;9374;9835
8176;6725;3041;8854;6877;9266;7004;3197;2419;5226;6340;7729;5186;83;9695;1763
8412;8819;6535;6285;1119;7118;2166;4254;4383;4063;2495;8136;2701;884;6849;7174
5189;6716;3056;3261;8246;169;2132;4264;8340;5364;388;5914;8218;3184;6930;8953;994;8897
9236;5667;5261;9393;8148;5262;7673;8376;8911;9806;933;8427;6359;7561;9584;1631;6358;3731;7732;3602;401;3225
2771;9428;6893;6503;5886;846;2644;5110;9017;3337;1677;8016;3656;4189;6960;4435;1475
5241;9470;4586;6595;6126;9426;8469;3026;4342;6060;3050;5205;6693;5235;2467;8468;5391;5875;3071;7816;6565
8775;7357;1438;9836;9270;7581;3411;4770;9468;5854;2605;3074;656;7909;3564;3244;2189;1769;557;3371;3423;9344;2638;7117;785;463;5162;4782;5375;9865
6109;4713;1359;6383;1724;4590;7425;1662;5591;5012;3883;6132;6522;42;4897;7366;7340;6929;5781
7148;617;9914;1985;8756;9978;1061;2388;8345;5614;5749;6316;9443;8529;2114;9819;5782;3109;7438;8294;4755;7951;8452
6607;7142;3796;2116;4944;4940;7579;6434;6604;9416;4448;3181;9520;3581;932
4964;5589;2908;63;2453;6704;4501;2674;7312;1000;396;6984;7564;4908;7208;7448;8808
6606;5150;6829;5324;8548;3398;7824;6399;2547;6466;4811;7924;9055;4913;4416;9434;7782;8632;4411;2799
8203;1928;9908;8071;5857;6975;139;2390;5623;8974;3178;4767;7569;9371;7106;8409
4268;4524;8898;2450;4793;121;7080;3620;3880;3223;8346;6206;7361;6708;7717;108;2055;8058;9300;9032
7266;7268;5510;7039;5326;5485;7177;4009;3231;8151;5359;8341;3677;4337;5476;5159;7415
591;1961;2872;9905;9570;712;2145;7545;4947;8267;5170;4872;2510;3890;960;8869;6177;6696
5577;8093;4006;5193;7522;3770;7458;7830;8802;1791;2456;2919;1242;5313;2262;6742;8737
7993;2868;4670;2741;3512;343;9814;7716;8199;3237;119;9853;7547;8772;4804;6043
5078;502;8989;9173;4979;6079;9318;9618;7621;9405;2313;2431;9918;5074;6578;3649;1423
8183;6973;3963;4522;2150;4981;6987;816;4178;9355;9667;1483;3428;9826;5336;2297;8453;6769;7189;2342
6590;3925;6106;381;2888;3338;9547;4806;9965;8249;4858;4828;2598
7809;5882;9910;4763;9258;6408;2154;3903;4436;9681;7336;4457;6581;3661;1501;5414
6941;4518;6287;1528;9680;6904;8274;4751;7562;6243;2428;807;6299;7525;1109;2704;5522;2240;8472;2084;9003;3100
4225;8698;8661;1736;3234;5636;6546;9790;6980;7740;8495;936;142;1815;1311;7915;3709;6477;3473;645;1316;2552;3565
3964;4711;1404;6013;5112;7070;4690;6612;4990;4013;3128;4607
5634;9805;2594;2583;2627;5335;2612;9824;1353;9022;9101;8460;7377;2041;9089;9645
515;8755;1744;5201;4046;3364;1809;2006;4691;4741;701;6623;9213;5276;9431;1080;2559;2387
9454;5050;5248;3640;8633;8593;5764;8491;1768;8361;9389;6058;2904;4739;2081;4076
4931;2392;4547;3805;1487;2070;8362;6014;1040;9477;8446;9133;1749;1900;6086;2433;414
2298;2722;953;1618;572
5160;7571;988;4587;5652;9960;9868;2279;122;573;9359;6423;4896;8647;3979;8679;1561
3409;4235;4352;8656;763;4863;9542;4905;9460;821;5936;4340;8615;6483;6726;974;9463;303;7422
599;3239;9362;5365;1918;7818;9698;5208;5257;3596;1790;3316;7164;2230;5954;158;3715;1764;4529;7362;6799;688;5448;5027;1811;2661;9364;8830
7967;5119;5424;6015;611;8433;6653;2106;5641;2386;3294;4144;5883;6145;2268;4538;3760;506;3366
9412;8677;5752;9941;6529;864;9996;2408;5866;3632;5423;9014;6246;3568;5467;7449;3422;4121;4253;1138;4423;7679
5852;839;3424;2580;8642;3537;1307;2524;3212;2713;9187;7937;2818;2339;1472;7617
4045;3623;6753;3439;9573;748;9057;3209;3665;8793;9302;9559;8225;4230;2322;9387;9702;1789;3757;7436;7803
2457;530;6687;4515;1488;5816;4722;6642;2548;6025;3374;3295;9538;9328;2618;3495;3373;1967;1094;1357
2546;5277;5799;5812;4445;9722;357;7764;704;4561;344;5529;4488;1508;6842;2031;2271;5635;8161;4844;6703;4153
141;2927;1754;3692;4556;1898;7469;5266;9224;8563;2967;1917;9816;709;3561;2883;102;7706;153;6926
8968;5436;3951;1190;9205;1267;540;4635;2922;2875;1013;9590;2529;6847;5378;8507
183;2086;3784;8126;1635;3192;4594;2335;3948;2867;3112;4785;7685;721;8444;1714;8128;3242;2299;7635
6263;3187;9962;1011;477;2281;4057;3823;2760;7746;3317;4393;5823;1956;3828;2005;6197;4011;1281
6586;6028;5860;5726;6918;934;4636;1717;5393
7940;922;6083;4560;2851;9185;1694;8558;2370;6564;7948;3967;7463
6059;4461;9952;3299;5664;5551;1136;3086;6377;307;3444;4619;4167;7922;8769;1099;1718
3816;6691;8297;595;8878;8202;2717;5559;546;8542;7540;176;3332;7741;4549;3644;7036;3000;7686;9712;9788;8672;6077;9182
1784;1582;4256;787;1430;8582;9134;4875;2253;8708;9517;272;4904;2064;3425;5263
5677;5004;3168;9222;1959;8420;3511;1348;7500;643;8665;88;9221;2039;5145;8997;2651
7236;6536;8706;3947;5295;4669;346;3030;7306;3992;2144;6990;6288;8482;9399;6078
8616;566;3029;4959;9161;5430;3438;8010;5183;2901;800;556;2554;9085;3115;2628;1245;9795;4683;2984
3091;9597;4887;1973;2157;6339;1872;2585;59;2989;9233;3092;7736;5181;7017;462;8580;2062;8805
7176;5909;4716;7188;8178;1941;7390;3627;8035;3020;9076;6049;8910;497;5965;9881;103
3290;4115;4702;5524;8950;805;5594;9638;4681;2458;3905;1124;7991;4838;453;9648;6112;4816
8003;6554;7773;1851;9656;9150;7676;6883;6465;3081;4759;6496
8885;2528;3230;5279;1015;2533;1115;1929;1827;455;435;8012;1924;2139;7374;2378;2161;7749;2338;2254;1358
8966;7516;1947;1204;3174;9120;9039;9688;8293;8680;7355;411;5254;9004;4344;7435;5969
2946;6128;1079;321;1588;2007;6863;3504;6833;4598;299;5547;2451;6343;9400;1581;3579;7557;8079;534;6442
3047;5879;5103;8682;4482;8761;9817;3634;2204;2003;1021;8269;6728;188;6947
256;3049;3491;9577;2407;3778;9630;255;4320;9778;5778;8933;9550;7330;3758;4236;6946;194;5603;5397;1164;5723;2876;705
2735;8231;1270;6768;118;9053;5774;2438;1976;373;7179;9031;5091;8200;9647;4504
5663;5959;4932;4972;7964;9106;9391;8145;1225;8964;4687;3728;5798;5804;3326;3780;5700;4103;2121;6277;7863
5523;741;3508;1722;5221;8266;3202;6259;4558;1507;8681;5858;3545;4377;6952;269;8496;9533;832;5439;6480;7370;8233
7342;4826;2175;9982;1272;3419;5278;4659;1154;2026;526;5167;1785;5770;8108;3456
9715;766;4119;6643;4171;4757;2874;9641;5940;4611;9616;550;6719;6474;6656;9157;644;4639;7414;5287;8976;9518
404;2937;6920;8244;8724;2648;613;7757;9984;865;3616;6781;9884;4945;6521;4678;2190;5361;7402;7913
4656;5479;8153;9545;8467;2801;8882;1674;9683;8251;2021;4088;3998;6624;2206;6962;1590;3605;6797;266;6073;7151;5499;3142
607;6659;2687;5795;2575;7125;3517;3751;1840;5152;8025;4647;8357;1333;2822;5121;3388;3229;5565;2401;9720;293;3031
2272;2837;7546;848;8314;8870;234;7627;2255;4562;8184;9072;4911;6787;9760;4832;9297
9786;6127;7241;7695;3771;6021;4146;8983;1847;5345;6686;10000;5095;8332;1128;7575;3195;1275;1613;416;4946;8592
3991;243;6732;5327;309;8223;9008;5647;4097;2816;4273;145;3719;8982;4174;2926;4067;1700;3386;3257;535;950
7345;1352;1691;4379;4414;2468;5864;5562;6838;8135;2805;4592;5282;7294;4145;3471;9349;302;5425;1180;6426;5686;2180;6265;3363
5990;1262;6473;5250;4729;1971;1587;6776;3276;9061;5373;161;7842;126;5848;2090;4892;1942
7450;706;2540;3485;2424;3336;7301;7994;5904;2329;2719;5964;5217;3175;9968;5366;4735;15;7974;206;6816;9054
9034;5651;6956;1831;3268;5213;412;2663;904;9172;2603;3531;1919;5268;781
6658;7257;3797;3247;3396;1227;5105;628;1398;3522;3619;1579;6158;6200;4879;4029;301
9482;6931;4595;3269;5416;4059;3935;1564;5246;9019;7175;4157;6555;8095;2827;2669;3341;814;6075;1925
6422;9935;1776;3687;5868;8958;3831;6738;6752;3980;8309;1820;5928;8627
3196;7308;2160;2184;5927;5993;2059;26;2014;6593;7653;7975;1054;8013;9275;7168;1871;4087;9794;6734;752;3315;451;6616;1821;5741
5475;374;6740;4296;7476;9418;3643;9451;3010;4798;5607;5645;4427;2445;5034;5853;9347;3856;1563;2402;6213;6199
4165;7066;53;4938;3694;5533;6785;9821;98;4452;9227;7521;2620;6120;5478;2933;1277
9735;8920;7851;4723;6398;9753;7629;2409;5283;3818;9904;7769;5272;4777;5911;5265;7298;8537;4263;258;7514
9479;8402;84;7417;8639;794;2223;6765;2794;5678;6986;4876;1536;8637;1161;4122;9119;8002;3249;8697;2336;3232
1781;5973;694;4079;8380;8378;4382;8478;2615;7053;1755;2141;5309;4773;6437;2738;868;7594
7538;6631;2619;5697;9546;354;9596;631;8923;4095;3084;6805;6668;5134;6255;1701;7083;7046
2311;5153;9592;1444;956;1482;9143;2544;3515;4299;8569;1974
6675;5715;5602;7092;4372;1058;4092;9324;5088;8403;5532;4424;8732;7212;8972;3806;1388;2167;4591;8144;4861;2587
6185;2607;2581;4573;2397;181;1963;5548;1199;3686;7467;7742
2030;902;2858;1984;1649;1611;3278;3119;7714;5846;1148;2275;5142;9800;322;7224;9676;9974;1862;4790
7052;8476;9360;5519;6994;6508;7701;9528;285;3004;2936;1615;3855;7284;1664;187;4412;2305;1302;3638;3353
7226;6906;7678;7930;5887;6228;8516;7495;551;665;9169;7331;2747;2817;1408;7493;8797;8381;9250
9090;2219;7815;3094;9402;3063;3866;7006;8727;1542;765;6632;6587;8236;2586;6767;8210;6665;7513;1786;866
1927;9481;4061;466;6807;6625;8494;2538;1049;9771;5445;9669;9043;7159;1431;2429;1818;8970;9370;3143;4977;3729
3754;6318;8807;9395;8415;8247;5008;4418;1209;9507;5072;6071;267;371;3942;7933;4539;6812;1063;2267;9377;1892
5459;7156;4429;1325;2462;9023;1415;4348;8649;9425;2769;8921;8031;2739;5838;3303;232;7067;523;7364
4329;8523;4318;4309;7079;5301;4907;4196;1907;6932;8957;464;7237;1344;5933;7313;4634;6218;1371;3186
9878;9876;7905;7665;6515;1253;9009;9650;9212;5174;845;8465;9168;2294;3449;3941;6348;6248;6247;5617
1445;6364;101;2149;39;2060;4925;3594;3333;220;8707;5144;3435;2295;938
4286;5881;7239;6680;2744;2574;4997;4039;5694;1655;6749;2369;7234;7553;1766;1670;4808;5592;8000;8873;733;3713;9326;9543
5811;8692;5231;8652;7856;2688;2098;5717;1812;4514;2135;4301;890;1777;6187;7154;5942;2374;6766
8229;6832;877;7902;6451;1127;9156;209;5081;4036;8471;3331;8192;4219;4644;2222;6336;9906;1938;3161
9342;9181;82;1770;2395;6860;9885;3288;6322;2259;559;495;6107;1636;450;7426;9214;531;2506;2786;1538;8685;3844
1246;995;5500;4952;2590;129;9810;4963;282;1334;9579;587;6074;2439;8450;9289;4140;9114
6008;8162;7644;3607;6835;1772;8080;9131;8879;4849;3410;8583;4754;9714;9893;1997;6698;6731;5985;1883
1825;4888;3481;9478;4450;4918;8022;324;9692;9661;9116;3982;1632;7490;8;7132;7096;3860;2008;9909
5772;901;5557;6574;1106;6184;2012;2422;9744;1787;5696;8590;323;4641;1877;4316;697;7771;4192;251;3342
1082;6412;8390;3888;2829;7443;9604;9247;3494;8284;6971;5051
739;6198;2486;2411;1318;4480;4012;2179;7584;1347;1048;4354;8154;2550;6045;1574;3392;9726;3500
7502;4494;1232;588;1846;5390;8768;1184;7846;6309;3097;4487;7213;349;8421;3009;2218;9976
3932;9419;249;3329;8747;2489;7019;6305;8746;3553;7681;4967;7527;5453;5317;802;4388;9307
8723;8876;4802;253;7903;3532;2734;3648;1214;205;8928;1562;5631;3272;8445;1162;7691
2917;4432;554;1257;7332;578;1625;8733;2413;6003;6815;1087;3022;9336;6365;2959;9828;329;8846;1910;2063
9447;1798;5337;7082;4025;8428;5894;341;7645;8758;3040;7956;5281;799;2426;4131;2504
906;1330;7317;3949;6654;3886;7826;1068;8864;6167;1716;5517;7874;8219;2763;4035;2067;5609;2693;2691
4495;2508;9035;9926;7754;4915;7325;230;3658;1622;152;4197;4613
8606;2094;3198;9802;2671;3671;8273;5625;6866;8303;3509;3790;7130;3312;8018;4775;48;5567;949;386;5618;4130
1480;1042;4970;8824;4577;9424;7896;8053;3502;4289;6567;9376;1510
5385;9860;5275;5643;5974;2686;4498;9049;3973;9639;9866;1899;1172;9308;2366;5587;288
5706;105;3124;3360;445;3445;7943;7647;5710;7762;3145;262;7753;6410;888;9037;2934;1140;7291;6862;3853;1543
4064;562;5659;9563;2198;6491;2465;767;9375;4181;1366;1029;3950;6995;7395;2641;3738;937;7954;4
744;3768;8643;1861;5306;5983;140;854;488;1902;2093;1089;9662;3434;853;5195;8759;6044;1835;3541;7491
9077;6269;9872;7825;8541;5511;7078;6002;2597;3516;6803;2556;3716;8847
2949;8891;9558;9575;8545;1107;1306;4882;6313;3989;402;9564;4601;4899;8740;5698;9244;7060;2856;743
9621;5563;1182;9401;2664;9666;8399;1621;3459;8513;9484;4985;5410;4490;2752;8784;2855;1389;5443
4542;4936;2290;2032;3900;2731;2100;7785;5960;9508;1500;3287;2027;7996;7969;3826
1060;5157;2682;5438;6666;7321;7972;6966;7598;5245;3577;4686;1834;423;7796;265;319;5704;5833
7049;3005;7618;8186;4085;4190;2653;6525;239;3489;6027;6050;8686;3714;9338;1014;4249;6821
647;8675;2854;7929;708;1224;399;1711;431;1206;2536;8492;8822;6968;4792;9193;5888;4928;6983;6600
9938;8800;9980;661;3487;4513;1881;2632;7087;9013;847;849;3499;100;5753;94;6570;6391;7688;7719;2483;4749
918;3748;8954;5173;5642;9423;3123;1854;3080;3865;3834;963;7315;8226;3802;9620;8754;1870;2469;678;8999;3870;4794;6773;8624;5988;7173;3670;2134
3606;1265;1263;7651;3604;4360;4389;9330;5232;9737;2555;1527;9167;2420;894;871;494;5136;8232;4126;4214;3769;858
8713;8617;1346;1143;3129;5273;8579;1773;8519;4199;6130;4200;5769;7600;5172
7624;6888;481;2257;5329;7023;4891;5656;3036;8551;3135;2232;4071;1297;4853;4968;9932;3460;5104;8008;7229;8334;5610
6896;1742;4900;5070;2595;40;1412;8230;9594;2526;3046;8984;1463;4912;5303
1565;4276;5204;9535;2304;2889;5009;7394;315;4101;5598;6645;1524;7225;8900;773;2355;5323;6354;9792;1406;5321
292;6672;6839;9050;9627;3985;7155;2981;4363;2849;3219;4730;1374;4737;1654;7471;2803;1837;2296;7962
7100;7505;4760;3177;3707;3696;713;8196;2152;3096;797;9094;3877;2273;9026;3791;9687;2935;6040;6180
9042;1294;7423;8287;7836;1499;6446;4531;5572;5501;8648;5719;8702;9660;791;4195;7180;9476;5200;6549;1537;2216;2300;5682;2120
7481;5379;8549;4021;9943;7170;5546;1387;2768;9831;1189;1097;819;9808;5312;433;9741;1183
123;8831;2328;2129;3085;7925;166;5734;8568;7245;5630;5855;7641;470;5802;9104;467;9123
9887;9930;8613;1017;8703;4455;314;881;2558;3043;3800;8499;9903;7193
5597;583;3018;1824;163;6154;1139;4252;5030;8298;1937;4322;1023;4459;3382;4333;6016
6714;5515;8884;9812;3761;2637;3472;7939;3915;2924;6162;8903;8789;7585;268;3599;7857;2918
2584;6886;2381;270;4992;7927;6295;1001;406;7957;8598;9970;332;5086;4026;6777
4505;2303;9894;30;4353;8337;852;2759;9334;5090;3679;5441;3657;4024;5258;7588;6393;1228
3150;1585;2776;2604;1175;9490;4068;6678;9171;9929;8814;1361;1814;1033;5929;2944;3913;178;2572;6212;528;3139;8553
3130;9264;296;2783;668;1816;8172;4862;9438;333;3862;6655;5556;7434;9784;1150;4906;7854;9873;9953;576
4530;8501;4715;2169;8386;4890;7265;9879;3837;9521;6493;1324;6104;8820;2265;682;367;2034;969;3099;771
2823;8045;4957;4361;8562;9138;8082;8436;7016;8751;3777;2205;6144;3440
7499;4627;2323;4125;2261;3053;2142;8571;468;3013;3610;7860;6103;8673;1186;4917;4052;9572;3518
7834;1868;9833;2931;3919;8410;9357;8279;1495;2075;7197;5999;7784;131;9179;41;9848;1887;7640;5019;6793
3789;3529;1320;1689;1383;447;9388;9605;1826;828;3501;2241;4016;5469;6605;2187;8188;9693;983;8372;7926
6476;203;7898;8742;4579;2248;6439;1167;5094;9381;5020;9290;8355;7393;9700;7995;8146;1181;8270;3745;4082
6407;6122;3930;9571;6372;289;1174;2324;9211;3137;7310;9458;4311;4250;4761;9320;7205;7920
4516;9002;5089;8171;7807;5016;1368;2194;3098;9757;2553;8705
3476;9825;7885;8944;9498;4649;434;6627;7574;1424;9919;5128;6692;7960;6397;6095;5819;6455;3767
1535;4738;503;5033;778;6418;6609;8779;3850;5923;4462;882;6737;2956;8387;3663;6718;3574
1799;9291;8156;8700;2820;7303;4300;5945;6507;4204;1380;3451;5017;9067;4731;3412;2697;7721
2951;4706;8604;2655;6420;2183;980;3520;9232;1520;6537;8980;3642;8534
5098;1801;228;1479;5428;429;7961;6953;1686;4854;4736;7280;1018;8272;7368
4578;6271;492;759;1034;5493;7059;8981;2163;6790;885;3817;5182;8481;2589;3404;1345;5107;1203;8429;222;3450;2726;6117;1400
9474;6161;9933;7011;9051;8458;6304;5935;6461;4569;2280;2269;2676;2476;1416;3889;8227
4166;5498;6448;7406;6445;6063;9228;5644;9075;7861;6585;1355;2825;4642;727;8198;7497
3089;1626;7462;9310;5310;6494;6091;3462;1503;4386;7238;6479;504;9951;2685;1312;3446;4374;8464;493
5543;2532;8718;1889;3827;7632;6808;4836;4054;2078;2539;5285;2173;8547;4485;8825;7518;4191;3590;5934;10;3470;5531
1131;1145;7263;2780;7748;9268;582;6450;3265;8512;7302;1878;7810
2432;863;7660;4747;180;5325;305;8644;1994
7808;3480;4926;9207;8411;5513;3566;5525;6135;4799;5785;4291;5662;3320;5429;2138
7453;6858;7101;4994;604;4297;9113;7563;3448;8930;2905;4345;7878;6317;7734;3390;9583;2865;9606;5362;8215
3646;5059;7912;7932;9421;970;4778;8719;6859;1746;4332;1705;5810;6774;2337;6084;2898
1195;4260;1455;5140;2076;514;9350;5044;615;1448;3157;976;1222;184;6211;1098;6303
2610;3347;390;8401;9562;9195;3986;7911;96;7899;3592;7607;1730;5558;1566;9732;6048;6721;2377
1807;4028;6031;7095;9132;5474;2626;3773;6333;4069;777;8936;3156;2061;9160;1757;2766;5002;4718
6925;5206;6464;2417;9504;9000;957;9803;9437;4951;7687;4571;9791;1146;7828;1439;7572;7431;5575
9719;9988;8397;6575;8049;8001;2362;3120;1012;6743;1271;9595;4220;4935;5022;7669;7711;6644;9098;5588
1464;5037;8544;1276;2649;5961;9615;5446;8014;1494;7506;4489;164;5395;2999;7020;4155;1153;330;4358;9779;6580;3141;7928;7028;2351
543;8821;6730;6108;1451;2622;5227;9682;6999;9548;4014;1620;914;6589;8089;8325;4658;9531;4884;6667
9262;8114;3984;5003;1977;4384;537;283;7541;1577;7999;6559;6701;4710;5595;5176
8440;3534;2708;6229;6453;5721;7573;4104;3259;4689;1683;4559;7135;2156;1338;4290;1857;3214;7478;5582
9959;7123;4209;6512;9654;570;7413;5360;7976;7611;6553;9315;7439;1741;8277;6498;7304;4969
5693;246;6475;860;4973;1069;4943;2623;7024;3683;7269;9807;4965;7844;9473;596;8408;7713
8111;7218;3926;7002;6882;6201;3437;6409;9685;886;425;4500;5260;6935;6082;1410
6384;6824;931;9184;7667;4020;4582;5067;1385;7344;760;7061;9859;4044;1911
5109;2775;6845;2361;44;8787;1845;1817;1936;1255;9991;9526;6940;6840;6571;757;7992
7267;9170;9549;207;3630;2757;1586;8167;8474;1264;2977;6186;7437;4453;2481;21;9911;3455;8620
7305;646;7050;3871;8803;8612;221;1226;6505;9251;459;171;5561;2165;5450;6100;2368;9766
6374;505;6042;4409;5218;3158;3408;7847;8413;7055;1692;9718;5975;5422;9503;1379;5712;6934;6713;7526;2920;6047;3626;4343;9285;6485
1394;5544;7496;1830;5530;8956;6897;1896;5120;2613;5055;5473;2500;7126;9012;810;6444;1418;11;7351;6282;1788
7158;2471;4652;4208;9354;1084;6646;5885;5757;3306;2885;1295;2410;6147;1710;1457;8773;7319;363;5259
3220;719;2164;202;2443;8073;8438;5949;1055;6945;7674;278;6355;64;7003;8157;7615;2028;5367;5350;5512
7384;9777;1672;238;3093;5758;891;9713;3453;9192;3016;5847;3313
9701;9450;815;3929;2276;9651;7192;5777;3647;7894;8522;6293;1332;5566;8832;959;7161;8690;7616;3048;726;7519;8877;2525
1995;5981;366;8874;6039;5297;1988;195;1650;3263;3025;1142;9649;5736;4128;3681;8396;85;8261;2560;9109;1614;8097
3521;4421;7670;7027;8581;9485;6869;5348;8588;6854;1833;6012
1337;746;2895;8306;5545;2916;80;1935;2291;3953;9111;4692;8833;5460;16;7770;6181;5308;859;7735
7586;6237;4282;2037;9839;945;3421;5653;3641;227;4617;4010;2635;8127;4688;3070;71
4492;4535;7692;6345;5806;9281;2252;9944;513;1434;4596;6310;4442;6323;1893;8177;2040;7412;4307;6915
8338;3155;5100;2958;6179;8067;4050;4512;4313;7539;2511;1859;7447;6614;5380;5116;8506;201;1908;9345
7889;4661;4072;3621;2225;3003;7648;4602;8691;5052;6257;7968;7014;430;5491;6621;6868;1844
7408;9373;4740;9284;7892;3712;7373;9340;9092;7637;9175;8311;2396;7105;2903;737;8813;7369
9869;9877;4243;8889;2878;654;9070;4909;1314;3940;7625;355;3928;8336;8369;395;7657;6296;4114;2923
9293;4232;9636;1112;916;8856;9524;3695;7656;6825;6018;3830;8584;9987;110;4176;9822
1047;7689;6019;3304;1399;9296;1660;4839;9844;8904;8991;3252;1554;8655;351;8546;981;5076;7971;8947;1486
5946;5392;7199;4326;9799;4371;5048;5192;9652;8863;9011;1671;7309;3884;1362;7120;6452
7580;1323;3469;8020;3917;1802;3956;226;3652;1108;7959;5650;545;6499;4750;3580;6533;3104;3144
538;6026;3617;8222;5293;5497;421;7654;6266;8575;6330;3162;6129;7890;7165;7353;5788;5871;157
5011;627;3011;2831;7300;1083;9782;5796;173;3217;4818;2119;7551;5502;2077;5540
9851;3718;35;261;484;6193;5085;4129;2659;5775;1178;5646;9867;517;1747;9574;4568;6290;2266;7322;6921
4430;648;9809;4231;9653;5320;9218;4748;2231;2728;5463;87;1630
89;245;5480;8894;1397;9892;437;6891;9969;711;3397;3153;8630;8771;2570;107;8781;1053;7242;5600
6366;7662;601;1422;660;7550;146;217;8242;9827;4776;7456;8061;4451;3563;4154;1875;2982;6232
2315;7699;7214;1151;7663;4397;1532;7567;8391;6712;4600;4982;7297;8622;1953;4245;8729;6123;2910;4460;3452;7820
3236;1403;9033;476;3407;8234;7160;7763;3271;5761;2857;4476;1603;3717;2102;9279;2002;6551;2237
4708;9398;7990;7392;3558;831;812;3704;8750;1546;1421;1502;2639;6381;8422;3530;1426
3403;9691;5534;6903;5968;5576;4466;6880;3420;8659;4721;4962;6720;2670;4143;7013;8782;1990
9078;8901;4357;4864;2302;5289;5244;838
3570;8048;4589;3546;8924;7486;5427;3891;6486;1064;9901;2514;144
8070;7788;1651;1321;6744;4075;8638;8843;7119;2770;6689;4288;1090;8385;3275;2930;3600;7626;2344;3170
1427;6000;1156;6988;3556;841;2234;3603;1578;4624;4369;2767;1005;6178;8305;3065;6119;9587;2441;929
8009;4346;7672;6639;5401;9920;951;6413;4237;5762;1972;1484;8595;9174;5632;4693;825;6545;9337;5073;806;7112;4993
4949;2347;9058;4280;6557;8435;8838;5784;8180;2316;939;3573;93;2836;7136;3669
6630;5203;4336;3586;8528;5939;1043;7766;7428;2498;4933;986;1980;6591;2389;2358;211;3514
8316;1982;590;6657;4620;9886;9166;9430;8059;5343;594;418;2493;1102;4934;3113;5421;3897;6901;438;5958
489;8424;2749;1646;7875;6033;338;1233;5521;27;498;9060;6501;4185;8511;114;2742;5000;3213
1865;413;3995;5828;8353;2394;1702;8687;9152;7089;8150;8457;8834;1583;9056;915;4091
2217;6663;2137;8030;9223;8596;2751;5341;5147;5815;1078;7966;7683
33;4275;3975;8028;7650;9165;952;9934;4829;4395;409;9628;3675;1780;3554;2806;3106;6699;5080;2285
2571;734;1688;9748;8119;549;8099;6695;4027;9948;4262;5922;1402;2819;2716;510;9235
7955;6159;1036;1916;1721;334;4037;2447;4707;1085;415;9115;9586;4244;6425;4787;8626;9136;7613;1259
5583;5509;9704;7057;7622;6468;6301;6053;4898;8142;7587;9112;7429;4509;4783;7354;2814;9253;7862;6881;4554;3960
9491;4439;811;6101;7183;8726;3132;9696;5803;9305;6481;3389;1978;3946;1606;365;8046;1696;2024;5608;417;3762;1217;1745
7389;9343;1725;197;1378;6599;1478;2517;8185;548;9820;4874;6715;6822;1648;2087;5836;8143;9197;113
1160;4867;2860;3970;7552;8483;5668;1612;4239;1066;547;7852;1719;3349;4038;9493;6673
3801;9489;1627;3082;5707;383;6140;461;3720;1062;4134;9148;6035
979;8535;1853;7270;6160;4084;8875;5240;4834;676;1828;3208;5616;8841;2973;2321
